0.0000
0.2796
0.0175
-0.0555
-0.1588
-0.0944
0.1791
0.2409
-0.2127
-0.1019
-0.0633
0.0885
0.2266
-0.0231
-0.2886
-0.0080
0.1391
0.0861
0.1135
-0.2604
-0.1383
0.1725
0.1798
-0.0585
-0.0490
-0.2404
0.0879
0.2773
-0.0297
-0.1585
-0.0933
-0.0179
0.1971
0.1786
-0.2822
-0.0933
0.0333
0.1340
0.1359
-0.0647
-0.3088
0.0886
0.1847
0.0449
0.0041
-0.2313
-0.0849
0.2381
0.1535
-0.1630
-0.0600
-0.1630
0.1535
0.2381
-0.0849
-0.2313
0.0041
0.0449
0.1847
0.0886
-0.3088
-0.0647
0.1359
0.1340
0.0333
-0.0933
-0.2822
0.1786
0.1971
-0.0179
-0.0933
-0.1585
-0.0297
0.2773
0.0879
-0.2404
-0.0490
-0.0585
0.1798
0.1725
-0.1383
-0.2604
0.1135
0.0861
0.1391
-0.0080
-0.2886
-0.0231
0.2266
0.0885
-0.0633
-0.1019
-0.2127
0.2409
0.1791
-0.0944
-0.1588
-0.0555
0.0175
0.2796
0.0000
-0.2796
-0.0175
0.0555
0.1588
0.0944
-0.1791
-0.2409
0.2127
0.1019
0.0633
-0.0885
-0.2266
0.0231
0.2886
0.0080
-0.1391
-0.0861
-0.1135
0.2604
0.1383
-0.1725
-0.1798
0.0585
0.0490
0.2404
-0.0879
-0.2773
0.0297
0.1585
0.0933
0.0179
-0.1971
-0.1786
0.2822
0.0933
-0.0333
-0.1340
-0.1359
0.0647
0.3088
-0.0886
-0.1847
-0.0449
-0.0041
0.2313
0.0849
-0.2381
-0.1535
0.1630
0.0600
0.1630
-0.1535
-0.2381
0.0849
0.2313
-0.0041
-0.0449
-0.1847
-0.0886
0.3088
0.0647
-0.1359
-0.1340
-0.0333
0.0933
0.2822
-0.1786
-0.1971
0.0179
0.0933
0.1585
0.0297
-0.2773
-0.0879
0.2404
0.0490
0.0585
-0.1798
-0.1725
0.1383
0.2604
-0.1135
-0.0861
-0.1391
0.0080
0.2886
0.0231
-0.2266
-0.0885
0.0633
0.1019
0.2127
-0.2409
-0.1791
0.0944
0.1588
0.0555
-0.0175
-0.2796
-0.0000
0.2796
0.0175
-0.0555
-0.1588
-0.0944
0.1791
0.2409
-0.2127
-0.1019
-0.0633
0.0885
0.2266
-0.0231
-0.2886
-0.0080
0.1391
0.0861
0.1135
-0.2604
-0.1383
0.1725
0.1798
-0.0585
-0.0490
-0.2404
0.0879
0.2773
-0.0297
-0.1585
-0.0933
-0.0179
0.1971
0.1786
-0.2822
-0.0933
0.0333
0.1340
0.1359
-0.0647
-0.3088
0.0886
0.1847
0.0449
0.0041
-0.2313
-0.0849
0.2381
0.1535
-0.1630
-0.0600
-0.1630
0.1535
0.2381
-0.0849
-0.2313
0.0041
0.0449
0.1847
0.0886
-0.3088
-0.0647
0.1359
0.1340
0.0333
-0.0933
-0.2822
0.1786
0.1971
-0.0179
-0.0933
-0.1585
-0.0297
0.2773
0.0879
-0.2404
-0.0490
-0.0585
0.1798
0.1725
-0.1383
-0.2604
0.1135
0.0861
0.1391
-0.0080
-0.2886
-0.0231
0.2266
0.0885
-0.0633
-0.1019
-0.2127
0.2409
0.1791
-0.0944
-0.1588
-0.0555
0.0175
0.2796
0.0000
-0.2796
-0.0175
0.0555
0.1588
0.0944
-0.1791
-0.2409
0.2127
0.1019
0.0633
-0.0885
-0.2266
0.0231
0.2886
0.0080
-0.1391
-0.0861
-0.1135
0.2604
0.1383
-0.1725
-0.1798
0.0585
0.0490
0.2404
-0.0879
-0.2773
0.0297
0.1585
0.0933
0.0179
-0.1971
-0.1786
0.2822
0.0933
-0.0333
-0.1340
-0.1359
0.0647
0.3088
-0.0886
-0.1847
-0.0449
-0.0041
0.2313
0.0849
-0.2381
-0.1535
0.1630
0.0600
0.1630
-0.1535
-0.2381
0.0849
0.2313
-0.0041
-0.0449
-0.1847
-0.0886
0.3088
0.0647
-0.1359
-0.1340
-0.0333
0.0933
0.2822
-0.1786
-0.1971
0.0179
0.0933
0.1585
0.0297
-0.2773
-0.0879
0.2404
0.0490
0.0585
-0.1798
-0.1725
0.1383
0.2604
-0.1135
-0.0861
-0.1391
0.0080
0.2886
0.0231
-0.2266
-0.0885
0.0633
0.1019
0.2127
-0.2409
-0.1791
0.0944
0.1588
0.0555
-0.0175
-0.2796
-0.0000
0.2796
0.0175
-0.0555
-0.1588
-0.0944
0.1791
0.2409
-0.2127
-0.1019
-0.0633
0.0885
0.2266
-0.0231
-0.2886
-0.0080
0.1391
0.0861
0.1135
-0.2604
-0.1383
0.1725
0.1798
-0.0585
-0.0490
-0.2404
0.0879
0.2773
-0.0297
-0.1585
-0.0933
-0.0179
0.1971
0.1786
-0.2822
-0.0933
0.0333
0.1340
0.1359
-0.0647
-0.3088
0.0886
0.1847
0.0449
0.0041
-0.2313
-0.0849
0.2381
0.1535
-0.1630
-0.0600
-0.1630
0.1535
0.2381
-0.0849
-0.2313
0.0041
0.0449
0.1847
0.0886
-0.3088
-0.0647
0.1359
0.1340
0.0333
-0.0933
-0.2822
0.1786
0.1971
-0.0179
-0.0933
-0.1585
-0.0297
0.2773
0.0879
-0.2404
-0.0490
-0.0585
0.1798
0.1725
-0.1383
-0.2604
0.1135
0.0861
0.1391
-0.0080
-0.2886
-0.0231
0.2266
0.0885
-0.0633
-0.1019
-0.2127
0.2409
0.1791
-0.0944
-0.1588
-0.0555
0.0175
0.2796
0.0000
-0.2796
-0.0175
0.0555
0.1589
0.0946
-0.1789
-0.2406
0.2131
0.1024
0.0639
-0.0877
-0.2258
0.0241
0.2897
0.0093
-0.1376
-0.0843
-0.1115
0.2625
0.1407
-0.1699
-0.1769
0.0617
0.0524
0.2442
-0.0838
-0.2730
0.0344
0.1636
0.0987
0.0237
-0.1910
-0.1721
0.2891
0.1006
-0.0256
-0.1258
-0.1272
0.0738
0.3184
-0.0786
-0.1742
-0.0339
0.0075
0.2435
0.0975
-0.2249
-0.1397
0.1774
0.0750
0.1786
-0.1373
-0.2213
0.1023
0.2494
0.0147
-0.0255
-0.1646
-0.0678
0.3303
0.0869
-0.1129
-0.1103
-0.0089
0.1185
0.3082
-0.1518
-0.1695
0.0464
0.1225
0.1886
0.0606
-0.2455
-0.0552
0.2740
0.0834
0.0939
-0.1435
-0.1353
0.1765
0.2995
-0.0734
-0.0450
-0.0970
0.0510
0.3327
0.0682
-0.1805
-0.0413
0.1115
0.1512
0.2631
-0.1894
-0.1265
0.1482
0.2137
0.1115
0.0397
-0.2213
0.0595
0.3403
0.0794
0.0077
-0.0945
-0.0288
0.2459
0.3090
-0.1433
-0.0312
0.0087
0.1617
0.3012
0.0528
-0.2113
0.0706
0.2191
0.1674
0.1962
-0.1762
-0.0527
0.2595
0.2682
0.0313
0.0423
-0.1476
0.1821
0.3731
0.0676
-0.0597
0.0070
0.0839
0.3005
0.2836
-0.1757
0.0148
0.1430
0.2453
0.2488
0.0499
-0.1926
0.2065
0.3043
0.1661
0.1270
-0.1068
0.0414
0.3662
0.2832
-0.0315
0.0733
-0.0280
0.2903
0.3767
0.0555
-0.0891
0.1481
0.1908
0.3325
0.2382
-0.1574
0.0887
0.2911
0.2912
0.1924
0.0677
-0.1192
0.3435
0.3640
0.1509
0.0776
0.0143
0.1452
0.4542
0.2667
-0.0595
0.1340
0.1265
0.3670
0.3618
0.0530
-0.0669
0.3090
0.2838
0.3390
0.1941
-0.0844
0.1833
0.4352
0.2992
0.1497
0.1133
0.0047
0.4606
0.4010
0.1298
0.0677
0.1733
0.2486
0.5130
0.2357
-0.0415
0.2230
0.2983
0.4040
0.3420
0.0709
0.0115
0.4675
0.3591
0.3229
0.1736
0.0379
0.2901
0.5581
0.2800
0.1354
0.1910
0.1661
0.5425
0.4230
0.1147
0.1100
0.3509
0.3440
0.5380
0.2124
0.0255
0.3352
0.4667
0.4041
0.3315
0.1191
0.1403
0.6038
0.4176
0.2938
0.1958
0.1967
0.4000
0.6470
0.2523
0.1590
0.3016
0.3453
0.5835
0.4399
0.1198
0.2073
0.5266
0.4265
0.5324
0.2189
0.1371
0.4631
0.6125
0.3800
0.3421
0.2053
0.3044
0.7049
0.4637
0.2662
0.2711
0.3748
0.5045
0.6965
0.2387
0.2234
0.4415
0.5199
0.5883
0.4626
0.1587
0.3514
0.6828
0.4946
0.5073
0.2722
0.2826
0.5967
0.7220
0.3514
0.3821
0.3323
0.4827
0.7666
0.5044
0.2580
0.3995
0.5545
0.5965
0.7107
0.2604
0.3256
0.6025
0.6703
0.5704
0.5009
0.2422
0.5252
0.8083
0.5496
0.4801
0.3803
0.4482
0.7252
0.7905
0.3404
0.4548
0.4970
0.6523
0.7940
0.5479
0.2860
0.5702
0.7209
0.6715
0.7025
0.3324
0.4581
0.7726
0.7836
0.5489
0.5622
0.3745
0.7065
0.8997
0.5964
0.4713
0.5404
0.6195
0.8383
0.8237
0.3666
0.5594
0.6898
0.7944
0.8001
0.6034
0.3631
0.7645
0.8645
0.7286
0.6917
0.4602
0.6106
0.9376
0.8569
0.5444
0.6514
0.5524
0.8729
0.9615
0.6425
0.5001
0.7396
0.7845
0.9284
0.8364
0.4430
0.6913
0.8959
0.8982
0.8017
0.6792
0.4945
0.9595
0.9821
0.7713
0.7002
0.6391
0.7722
1.0834
0.8982
0.5742
0.7699
0.7646
1.0073
1.0043
0.6978
0.5800
0.9582
0.9351
0.9925
0.8498
0.5736
0.8435
1.0976
0.9638
0.8165
0.7823
0.6759
1.1340
1.0767
0.8076
0.7477
0.8555
0.9330
1.1997
0.9246
0.6495
0.9162
0.9937
1.1016
1.0418
0.7729
0.7157
1.1739
1.0677
1.0337
0.8866
0.7531
1.0075
1.2776
1.0017
0.8594
0.9171
0.8944
1.2730
1.1556
0.8496
0.8470
1.0902
1.0854
1.2816
0.9582
0.7735
1.0853
1.2190
1.1586
1.0881
0.8780
0.9013
1.3670
1.1830
1.0613
0.9655
0.9686
1.1741
1.4232
1.0307
0.9396
1.0843
1.1302
1.3706
1.2292
0.9112
1.0009
1.3224
1.2245
1.3325
1.0211
0.9415
1.2697
1.4212
1.1909
1.1552
1.0205
1.1218
1.5244
1.2854
1.0901
1.0971
1.2030
1.3348
1.5290
1.0734
1.0602
1.2804
1.3610
1.4316
1.3080
1.0063
1.2011
1.5347
1.3486
1.3635
1.1305
1.1431
1.4593
1.5868
1.2183
1.2511
1.2035
1.3560
1.6420
1.3819
1.1377
1.2814
1.4385
1.4827
1.5990
1.1509
1.2182
1.4972
1.5672
1.4694
1.4020
1.1454
1.4306
1.7158
1.4592
1.3918
1.2940
1.3640
1.6431
1.7104
1.2624
1.3788
1.4229
1.5802
1.7240
1.4798
1.2198
1.5060
1.6586
1.6111
1.6440
1.2758
1.4034
1.7197
1.7326
1.4997
1.5148
1.3289
1.6627
1.8577
1.5562
1.4329
1.5037
1.5846
1.8051
1.7922
1.3368
1.5312
1.6634
1.7696
1.7769
1.5819
1.3433
1.7462
1.8478
1.7135
1.6782
1.4482
1.6002
1.9287
1.8496
1.5386
1.6470
1.5495
1.8715
1.9616
1.6441
1.5031
1.7440
1.7904
1.9356
1.8450
1.4530
1.7026
1.9086
1.9123
1.8170
1.6959
1.5124
1.9787
2.0027
1.7931
1.7232
1.6634
1.7977
2.1102
1.9261
1.6033
1.8002
1.7961
2.0399
2.0381
1.7327
1.6160
1.9953
1.9733
2.0318
1.8902
1.6150
1.8859
2.1411
2.0083
1.8620
1.8288
1.7234
2.1824
2.1260
1.8579
1.7989
1.9077
1.9861
2.2536
1.9794
1.7052
1.9727
2.0511
2.1598
2.1008
1.8327
1.7763
2.2353
2.1299
2.0966
1.9503
1.8175
2.0726
2.3435
2.0683
1.9266
1.9850
1.9630
2.3422
2.2255
1.9200
1.9181
2.1618
2.1576
2.3545
2.0316
1.8474
2.1598
2.2940
2.2341
2.1641
1.9545
1.9783
2.4445
2.2609
2.1396
2.0443
2.0478
2.2537
2.5032
2.1111
2.0203
2.1654
2.2116
2.4524
2.3112
1.9936
2.0835
2.4054
2.3077
2.4160
2.1049
2.0255
2.3539
2.5056
2.2755
2.2400
2.1055
2.2069
2.6097
2.3709
2.1756
2.1827
2.2888
2.4207
2.6149
2.1593
2.1462
2.3665
2.4471
2.5177
2.3941
2.0924
2.2872
2.6207
2.4346
2.4494
2.2164
2.2289
2.5450
2.6724
2.3038
2.3365
2.2887
2.4411
2.7269
2.4667
2.2223
2.3657
2.5227
2.5666
2.6827
2.2343
2.3014
2.5801
2.6498
2.5517
2.4840
2.2271
2.5120
2.7968
2.5399
2.4722
2.3741
2.4438
2.7225
2.7896
2.3412
2.4572
2.5011
2.6581
2.8015
2.5570
2.2967
2.5825
2.7348
2.6870
2.7196
2.3510
2.4783
2.7944
2.8068
2.5737
2.5885
2.4022
2.7357
2.9304
2.6286
2.5050
2.5754
2.6559
2.8762
2.8629
2.4073
2.6014
2.7332
2.8391
2.8461
2.6507
2.4118
2.8144
2.9157
2.7811
2.7454
2.5151
2.6668
2.9950
2.9155
2.6042
2.7123
2.6145
2.9362
3.0260
2.7081
2.5668
2.8074
2.8534
2.9984
2.9074
2.5151
2.7644
2.9701
2.9734
2.8779
2.7564
2.5726
3.0386
3.0622
2.8523
2.7821
2.7220
2.8560
3.1681
2.9838
2.6607
2.8572
2.8528
3.0963
3.0941
2.7884
2.6715
3.0504
3.0281
3.0863
2.9443
2.6688
2.9395
3.1943
3.0612
2.9146
2.8810
2.7753
3.2341
3.1774
2.9089
2.8496
2.9581
3.0361
3.3034
3.0288
2.7543
3.0215
3.0996
3.2080
3.1487
2.8803
2.8235
3.2822
3.1765
3.1429
2.9963
2.8632
3.1179
3.3885
3.1130
2.9710
3.0291
3.0068
3.3857
3.2686
2.9629
2.9607
3.2041
3.1996
3.3961
3.0728
2.8884
3.2005
3.3344
3.2742
3.2039
2.9939
3.0174
3.4833
3.2994
3.1778
3.0821
3.0854
3.2909
3.5401
3.1477
3.0566
3.2014
3.2473
3.4877
3.3463
3.0283
3.1180
3.4395
3.3415
3.4495
3.1380
3.0584
3.3864
3.5379
3.3075
3.2716
3.1368
3.2380
3.6404
3.4013
3.2057
3.2125
3.3183
3.4499
3.6438
3.1879
3.1744
3.3945
3.4748
3.5450
3.4212
3.1191
3.3136
3.6468
3.4604
3.4749
3.2415
3.2538
3.5696
3.6966
3.3278
3.3601
3.3121
3.4641
3.7497
3.4891
3.2444
3.3875
3.5442
3.5878
3.7036
3.2549
3.3216
3.6001
3.6695
3.5711
3.5030
3.2459
3.5304
3.8150
3.5578
3.4897
3.3913
3.4607
3.7391
3.8059
3.3572
3.4729
3.5165
3.6731
3.8162
3.5715
3.3109
3.5964
3.7484
3.7002
3.7326
3.3637
3.4906
3.8064
3.8186
3.5851
3.5996
3.4131
3.7462
3.9406
3.6385
3.5146
3.5847
3.6649
3.8849
3.8713
3.4153
3.6091
3.7406
3.8462
3.8529
3.6573
3.4180
3.8204
3.9214
3.7864
3.7505
3.5199
3.6712
3.9991
3.9194
3.6077
3.7156
3.6175
3.9388
4.0283
3.7102
3.5686
3.8089
3.8546
3.9992
3.9080
3.5154
3.7644
3.9698
3.9728
3.8769
3.7552
3.5711
4.0368
4.0601
3.8499
3.7794
3.7190
3.8527
4.1645
3.9799
3.6564
3.8527
3.8480
4.0911
4.0887
3.7827
3.6654
4.0441
4.0215
4.0794
3.9371
3.6613
3.9316
4.1862
4.0528
3.9059
3.8720
3.7660
4.2245
4.1675
3.8987
3.8391
3.9473
4.0250
4.2920
4.0172
3.7423
4.0093
4.0870
4.1951
4.1355
3.8668
3.8098
4.2682
4.1622
4.1283
3.9814
3.8479
4.1024
4.3727
4.0969
3.9546
4.0124
3.9898
4.3684
4.2511
3.9450
3.9425
4.1856
4.1808
4.3770
4.0535
3.8688
4.1805
4.3141
4.2536
4.1830
3.9728
3.9960
4.4615
4.2774
4.1555
4.0595
4.0625
4.2677
4.5166
4.1239
4.0325
4.1771
4.2227
4.4628
4.3211
4.0028
4.0922
4.4134
4.3151
4.4228
4.1111
4.0311
4.3589
4.5101
4.2793
4.2432
4.1081
4.2089
4.6111
4.3717
4.1758
4.1824
4.2878
4.4191
4.6127
4.1566
4.1428
4.3625
4.4426
4.5125
4.3884
4.0860
4.2802
4.6132
4.4264
4.4407
4.2070
4.2190
4.5345
4.6612
4.2921
4.3242
4.2758
4.4275
4.7128
4.4520
4.2069
4.3498
4.5062
4.5495
4.6650
4.2160
4.2825
4.5607
4.6297
4.5310
4.4627
4.2053
4.4895
4.7738
4.5163
4.4480
4.3493
4.4184
4.6965
4.7630
4.3140
4.4294
4.4727
4.6291
4.7719
4.5268
4.2660
4.5512
4.7029
4.6545
4.6865
4.3173
4.4440
4.7595
4.7714
4.5376
4.5518
4.3650
4.6979
4.8920
4.5896
4.4654
4.5352
4.6152
4.8348
4.8210
4.3647
4.5582
4.6895
4.7948
4.8012
4.6053
4.3657
4.7678
4.8685
4.7333
4.6970
4.4662
4.6172
4.9448
4.8648
4.5529
4.6604
4.5620
4.8831
4.9723
4.6539
4.5120
4.7520
4.7974
4.9418
4.8503
4.4574
4.7061
4.9112
4.9140
4.8178
4.6958
4.5114
4.9768
4.9998
4.7894
4.7186
4.6579
4.7913
5.1028
4.9179
4.5942
4.7902
4.7852
5.0281
5.0253
4.7190
4.6015
4.9799
4.9570
5.0146
4.8721
4.5960
4.8660
5.1203
4.9866
4.8394
4.8053
4.6990
5.1572
5.0999
4.8309
4.7710
4.8789
4.9564
5.2230
4.9479
4.6728
4.9395
5.0169
5.1248
5.0649
4.7959
4.7386
5.1967
5.0904
5.0563
4.9091
4.7754
5.0296
5.2996
5.0235
4.8809
4.9384
4.9155
5.2938
5.1763
4.8699
4.8671
5.1100
5.1049
5.3008
4.9770
4.7920
5.1035
5.2368
5.1760
5.1052
4.8946
4.9176
5.3829
5.1984
5.0763
4.9800
4.9827
5.1877
5.4363
5.0433
4.9517
5.0959
5.1412
5.3811
5.2391
4.9205
5.0096
5.3306
5.2320
5.3395
5.0274
4.9472
5.2747
5.4256
5.1946
5.1582
5.0228
5.1234
5.5253
5.2856
5.0895
5.0957
5.2008
5.3319
5.5252
5.0688
5.0548
5.2742
5.3540
5.4237
5.2992
4.9966
5.1905
5.5232
5.3362
5.3502
5.1162
5.1279
5.4432
5.5696
5.2002
5.2320
5.1834
5.3349
5.6199
5.3588
5.1135
5.2560
5.4122
5.4552
5.5704
5.1212
5.1874
5.4653
5.5341
5.4351
5.3665
5.1088
5.3928
5.6768
5.4190
5.3504
5.2515
5.3203
5.5981
5.6643
5.2151
5.3303
5.3733
5.5294
5.6719
5.4266
5.1654
5.4504
5.6018
5.5531
5.5849
5.2154
5.3419
5.6571
5.6687
5.4347
5.4486
5.2615
5.5941
5.7880
5.4853
5.3608
5.4304
5.5101
5.7294
5.7153
5.2588
5.4521
5.5830
5.6881
5.6942
5.4980
5.2582
5.6600
5.7604
5.6249
5.5884
5.3573
5.5081
5.8354
5.7551
5.4429
5.5503
5.4516
5.7724
5.8613
5.5426
5.4005
5.6402
5.6854
5.8295
5.7377
5.3445
5.5930
5.7978
5.8003
5.7039
5.5816
5.3970
5.8621
5.8848
5.6741
5.6031
5.5421
5.6752
5.9865
5.8013
5.4774
5.6731
5.6678
5.9104
5.9074
5.6009
5.4831
5.8612
5.8381
5.8954
5.7526
5.4763
5.7460
6.0000
5.8661
5.7186
5.6843
5.5777
6.0356
5.9780
5.7088
5.6486
5.7562
5.8335
6.0998
5.8245
5.5491
5.8155
5.8927
6.0003
5.9402
5.6709
5.6133
6.0712
5.9646
5.9302
5.7827
5.6488
5.9027
6.1725
5.8961
5.7533
5.8105
5.7874
6.1654
6.0476
5.7410
5.7379
5.9805
5.9752
6.1708
5.8468
5.6615
5.9727
6.1058
6.0448
5.9736
5.7628
5.7855
6.2505
6.0658
5.9434
5.8469
5.8493
6.0541
6.3024
5.9092
5.8172
5.9612
6.0063
6.2459
6.1036
5.7848
5.8737
6.1943
6.0955
6.2027
5.8904
5.8100
6.1372
6.2878
6.0566
6.0199
5.8843
5.9846
6.3862
6.1462
5.9499
5.9559
6.0607
6.1915
6.3846
5.9279
5.9136
6.1328
6.2123
6.2817
6.1571
5.8542
6.0479
6.3803
6.1930
6.2067
5.9725
5.9840
6.2989
6.4252
6.0555
6.0870
6.0381
6.1894
6.4741
6.2127
5.9672
6.1095
6.2654
6.3081
6.4231
5.9736
6.0396
6.3172
6.3857
6.2865
6.2177
5.9597
6.2434
6.5272
6.2692
6.2003
6.1011
6.1696
6.4473
6.5132
6.0637
6.1786
6.2214
6.3772
6.5195
6.2739
6.0125
6.2972
6.4484
6.3995
6.4310
6.0613
6.1874
6.5024
6.5138
6.2795
6.2932
6.1058
6.4382
6.6318
6.3288
6.2041
6.2734
6.3529
6.5720
6.5576
6.1008
6.2938
6.4245
6.5293
6.5352
6.3388
6.0987
6.5002
6.6004
6.4647
6.4279
6.1966
6.3471
6.6742
6.5936
6.2812
6.3882
6.2893
6.6099
6.6986
6.3796
6.2372
6.4767
6.5216
6.6655
6.5734
6.1800
6.4282
6.6328
6.6350
6.5384
6.4158
6.2309
6.6958
6.7183
6.5073
6.4361
6.3748
6.5077
6.8188
6.6333
6.3091
6.5046
6.4990
6.7414
6.7382
6.4314
6.3133
6.6912
6.6678
6.7249
6.5818
6.3053
6.5748
6.8285
6.6943
6.5466
6.5120
6.4052
6.8628
6.8051
6.5356
6.4752
6.5825
6.6595
6.9256
6.6500
6.3744
6.6405
6.7175
6.8248
6.7644
6.4949
6.4371
6.8947
6.7879
6.7533
6.6055
6.4713
6.7250
6.9945
6.7179
6.5748
6.6319
6.6084
6.9862
6.8682
6.5613
6.5580
6.8003
6.7947
6.9902
6.6659
6.4804
6.7914
6.9242
6.8629
6.7915
6.5805
6.6029
7.0677
6.8827
6.7601
6.6633
6.6655
6.8700
7.1181
6.7246
6.6324
6.7762
6.8210
7.0604
6.9178
6.5988
6.6874
7.0078
6.9088
7.0157
6.7032
6.6225
6.9494
7.0998
6.8683
6.8314
6.6955
6.7956
7.1970
6.9568
6.7602
6.7659
6.8706
7.0011
7.1939
6.7370
6.7225
6.9414
7.0207
7.0899
6.9650
6.6619
6.8553
7.1874
6.9999
7.0134
6.7790
6.7901
7.1049
7.2309
6.8610
6.8923
6.8431
6.9941
7.2786
7.0170
6.7712
6.9133
7.0689
7.1114
7.2261
6.7764
6.8421
7.1195
7.1878
7.0884
7.0193
6.7611
7.0446
7.3281
7.0698
7.0007
6.9013
6.9696
7.2470
7.3126
6.8629
6.9776
7.0201
7.1757
7.3178
7.0719
6.8103
7.0948
7.2457
7.1965
7.2278
6.8578
6.9838
7.2985
7.3096
7.0751
7.0885
6.9009
7.2331
7.4264
7.1232
6.9983
7.0674
7.1466
7.3654
7.3508
6.8938
7.0866
7.2170
7.3216
7.3273
7.1306
6.8903
7.2916
7.3915
7.2555
7.2185
6.9869
7.1372
7.4641
7.3833
7.0706
7.1774
7.0783
7.3986
7.4871
7.1679
7.0252
7.2645
7.3091
7.4528
7.3605
6.9668
7.2148
7.4192
7.4212
7.3243
7.2014
7.0164
7.4810
7.5033
7.2921
7.2205
7.1591
7.2917
7.6025
7.4169
7.0924
7.2876
7.2819
7.5240
7.5205
7.2135
7.0952
7.4728
7.4492
7.5061
7.3628
7.0860
7.3553
7.6088
7.4743
7.3264
7.2916
7.1845
7.6419
7.5839
7.3142
7.2535
7.3607
7.4374
7.7033
7.4275
7.1516
7.4175
7.4942
7.6014
7.5407
7.2710
7.2129
7.6703
7.5633
7.5284
7.3804
7.2460
7.4994
7.7687
7.4919
7.3486
7.4054
7.3817
7.7593
7.6410
7.3339
7.3303
7.5724
7.5666
7.7618
7.4373
7.2515
7.5623
7.6949
7.6334
7.5618
7.3505
7.3727
7.8372
7.6521
7.5292
7.4322
7.4341
7.6384
7.8862
7.4925
7.4001
7.5437
7.5882
7.8274
7.6846
7.3653
7.4537
7.7739
7.6746
7.7813
7.4686
7.3876
7.7144
7.8645
7.6328
7.5957
7.4596
7.5594
7.9606
7.7201
7.5233
7.5288
7.6332
7.7635
7.9561
7.4990
7.4842
7.7030
7.7820
7.8509
7.7258
7.4225
7.6156
7.9476
7.7598
7.7731
7.5384
7.5494
7.8639
7.9896
7.6195
7.6506
7.6012
7.7520
8.0362
7.7744
7.5284
7.6702
7.8256
7.8679
7.9824
7.5325
7.5979
7.8751
7.9432
7.8435
7.7742
7.5158
7.7990
8.0823
7.8238
7.7545
7.6548
7.7229
8.0001
8.0655
7.6156
7.7300
7.7723
7.9277
8.0695
7.8235
7.5616
7.8459
7.9966
7.9471
7.9782
7.6080
7.7337
8.0482
8.0591
7.8244
7.8376
7.6498
7.9817
8.1748
7.8714
7.7462
7.8151
7.8940
8.1127
8.0979
7.6406
7.8332
7.9634
8.0677
8.0732
7.8763
7.6357
8.0368
8.1365
8.0003
7.9631
7.7313
7.8814
8.2080
8.1269
7.8141
7.9207
7.8213
8.1414
8.2296
7.9102
7.7673
8.0064
8.0508
8.1942
8.1017
7.7078
7.9556
8.1597
8.1615
8.0644
7.9413
7.7560
8.2205
8.2425
8.0311
7.9593
7.8976
8.0301
8.3407
8.1548
7.8301
8.0251
8.0191
8.2610
8.2573
7.9501
7.8316
8.2090
8.1851
8.2417
8.0983
7.8212
8.0903
8.3436
8.2089
8.0608
8.0257
7.9184
8.3756
8.3174
8.0474
7.9866
8.0935
8.1700
8.4357
8.1596
7.8836
8.1492
8.2257
8.3326
8.2717
8.0017
7.9434
8.4005
8.2932
8.2580
8.1098
7.9751
8.2283
8.4972
8.2201
8.0764
8.1329
8.1090
8.4862
8.3675
8.0601
8.0562
8.2980
8.2918
8.4866
8.1617
7.9756
8.2860
8.4182
8.3563
8.2843
8.0726
8.0944
8.5585
8.3729
8.2496
8.1522
8.1537
8.3575
8.6049
8.2107
8.1179
8.2609
8.3050
8.5437
8.4004
8.0807
8.1685
8.4882
8.3884
8.4946
8.1813
8.0999
8.4260
8.5757
8.3434
8.3057
8.1691
8.2683
8.6689
8.4279
8.2305
8.2354
8.3392
8.4689
8.6609
8.2032
8.1878
8.4059
8.4843
8.5526
8.4268
8.1229
8.3154
8.6467
8.4583
8.4708
8.2355
8.2458
8.5596
8.6847
8.3138
8.3442
8.2941
8.4442
8.7277
8.4652
8.2184
8.3595
8.5142
8.5557
8.6695
8.2187
8.2834
8.5598
8.6271
8.5267
8.4566
8.1973
8.4798
8.7623
8.5030
8.4328
8.3323
8.3996
8.6759
8.7405
8.2897
8.4033
8.4447
8.5992
8.7402
8.4933
8.2305
8.5139
8.6637
8.6134
8.6435
8.2724
8.3972
8.7108
8.7208
8.4851
8.4974
8.3086
8.6396
8.8317
8.5274
8.4012
8.4691
8.5471
8.7647
8.7489
8.2907
8.4822
8.6115
8.7148
8.7192
8.5213
8.2797
8.6797
8.7784
8.6412
8.6029
8.3700
8.5190
8.8446
8.7624
8.4485
8.5540
8.4535
8.7725
8.8596
8.5391
8.3951
8.6330
8.6764
8.8186
8.7250
8.3300
8.5766
8.7795
8.7801
8.6818
8.5576
8.3712
8.8344
8.8552
8.6426
8.5697
8.5068
8.6380
8.9474
8.7602
8.4343
8.6281
8.6209
8.8616
8.8566
8.5481
8.4283
8.8044
8.7793
8.8347
8.6899
8.4116
8.6793
8.9313
8.7954
8.6459
8.6095
8.5009
8.9568
8.8972
8.6259
8.5637
8.6692
8.7444
9.0087
8.7313
8.4538
8.7181
8.7933
8.8988
8.8365
8.5651
8.5055
8.9612
8.8525
8.8160
8.6664
8.5303
8.7821
9.0497
8.7712
8.6262
8.6813
8.6559
9.0318
8.9118
8.6030
8.5978
8.8381
8.8306
9.0241
8.6978
8.5103
8.8193
8.9502
8.8869
8.8135
8.6005
8.6209
9.0837
8.8967
8.7721
8.6733
8.6734
8.8759
9.1219
8.7264
8.6322
8.7739
8.8166
9.0539
8.9093
8.5882
8.6747
8.9930
8.8919
8.9967
8.6821
8.5993
8.9241
9.0724
8.8388
8.7997
8.6617
8.7596
9.1589
8.9165
8.7177
8.7213
8.8238
8.9522
9.1428
8.6837
8.6670
8.8837
8.9608
9.0278
8.9006
8.5953
8.7865
9.1165
8.9267
8.9379
8.7012
8.7102
9.0227
9.1464
8.7742
8.8032
8.7518
8.9005
9.1827
8.9188
8.6707
8.8105
8.9638
9.0040
9.1164
8.6644
8.7278
9.0028
9.0688
8.9670
8.8956
8.6350
8.9161
9.1972
8.9366
8.8652
8.7633
8.8292
9.1042
9.1675
8.7153
8.8276
8.8677
9.0209
9.1605
8.9123
8.6482
8.9302
9.0787
9.0271
9.0559
8.6835
8.8069
9.1192
9.1278
8.8909
8.9018
8.7117
9.0413
9.2322
8.9265
8.7990
8.8656
8.9422
9.1586
9.1414
8.6819
8.8721
9.0000
9.1020
9.1051
8.9059
8.6630
9.0617
9.1591
9.0205
8.9809
8.7467
8.8944
9.2186
9.1352
8.8199
8.9241
8.8223
9.1400
9.2258
8.9040
8.7587
8.9953
9.0373
9.1783
9.0833
8.6870
8.9323
9.1339
9.1332
9.0336
8.9081
8.7203
9.1823
9.2018
8.9879
8.9136
8.8494
8.9793
9.2874
9.0990
8.7717
8.9642
8.9557
9.1951
9.1888
8.8790
8.7579
9.1328
9.1064
9.1604
9.0143
8.7347
9.0012
9.2518
9.1146
8.9638
8.9261
8.8162
9.2708
9.2099
8.9373
8.8738
8.9781
9.0519
9.3150
9.0362
8.7575
9.0205
9.0943
9.1985
9.1350
8.8623
8.8014
9.2558
9.1458
9.1080
8.9571
8.8198
9.0703
9.3366
9.0568
8.9105
8.9643
8.9377
9.3123
9.1910
8.8809
8.8744
9.1134
9.1046
9.2968
8.9693
8.7805
9.0882
9.2178
9.1532
9.0786
8.8642
8.8834
9.3449
9.1567
9.0307
8.9306
8.9295
9.1306
9.3754
8.9786
8.8831
9.0236
9.0650
9.3010
9.1552
8.8328
8.9180
9.2351
9.1326
9.2362
8.9203
8.8362
9.1598
9.3068
9.0719
9.0316
8.8923
8.9889
9.3869
9.1432
8.9432
8.9455
9.0467
9.1738
9.3632
8.9028
8.8849
9.1003
9.1761
9.2418
9.1134
8.8068
8.9968
9.3255
9.1344
9.1444
8.9064
8.9141
9.2253
9.3478
8.9744
9.0021
8.9495
9.0969
9.3778
9.1127
8.8633
9.0018
9.1539
9.1929
9.3040
8.8507
8.9128
9.1866
9.2513
9.1482
9.0756
8.8137
9.0936
9.3735
9.1116
9.0389
8.9359
9.0005
9.2743
9.3364
8.8831
8.9941
9.0330
9.1850
9.3235
9.0741
8.8088
9.0897
9.2370
9.1843
9.2119
8.8384
8.9607
9.2718
9.2794
9.0413
9.0511
8.8600
9.1885
9.3782
9.0715
8.9429
9.0085
9.0841
9.2993
9.2812
8.8206
9.0098
9.1367
9.2376
9.2397
9.0395
8.7956
9.1933
9.2897
9.1501
9.1096
8.8744
9.0211
9.3444
9.2600
8.9438
9.0471
8.9444
9.2611
9.3460
9.0233
8.8771
9.1128
9.1539
9.2940
9.1981
8.8009
9.0454
9.2462
9.2446
9.1442
9.0178
8.8292
9.2903
9.3090
9.0942
9.0192
8.9542
9.0833
9.3906
9.2013
8.8733
9.0651
9.0558
9.2944
9.2874
8.9768
8.8550
9.2291
9.2019
9.2553
9.1085
8.8281
9.0939
9.3439
9.2059
9.0545
9.0161
8.9056
9.3594
9.2979
9.0246
8.9605
9.0641
9.1373
9.3997
9.1204
8.8410
9.1034
9.1767
9.2803
9.2161
8.9429
8.8813
9.3352
9.2247
9.1863
9.0348
8.8969
9.1469
9.4126
9.1323
8.9855
9.0388
9.0117
9.3857
9.2639
8.9534
8.9464
9.1850
9.1757
9.3674
9.0394
8.8501
9.1574
9.2865
9.2215
9.1465
8.9317
8.9504
9.4115
9.2229
9.0965
8.9961
8.9945
9.1953
9.4397
9.0425
8.9467
9.0867
9.1278
9.3635
9.2173
8.8946
8.9795
9.2962
9.1935
9.2967
8.9805
8.8961
9.2194
9.3661
9.1310
9.0904
8.9508
9.0472
9.4449
9.2010
9.0007
9.0028
9.1038
9.2307
9.4198
8.9592
8.9411
9.1563
9.2319
9.2974
9.1689
8.8621
9.0518
9.3804
9.1892
9.1990
8.9609
8.9684
9.2795
9.4019
9.0283
9.0560
9.0032
9.1505
9.4314
9.1661
8.9167
9.0551
9.2071
9.2460
9.3570
8.9037
8.9657
9.2395
9.3042
9.2011
9.1284
8.8665
9.1464
9.4262
9.1644
9.0917
8.9886
9.0532
9.3270
9.3891
8.9357
9.0468
9.0857
9.2376
9.3761
9.1266
8.8614
9.1423
9.2896
9.2368
9.2644
8.8909
9.0132
9.3243
9.3318
9.0937
9.1035
8.9123
9.2409
9.4306
9.1238
8.9953
9.0608
9.1364
9.3516
9.3334
8.8728
9.0620
9.1889
9.2898
9.2919
9.0916
8.8477
9.2454
9.3418
9.2023
9.1617
8.9265
9.0732
9.3965
9.3121
8.9958
9.0991
8.9963
9.3131
9.3980
9.0752
8.9290
9.1647
9.2058
9.3458
9.2500
8.8528
9.0972
9.2980
9.2964
9.1959
9.0696
8.8809
9.3420
9.3607
9.1459
9.0709
9.0059
9.1349
9.4422
9.2530
8.9250
9.1167
9.1073
9.3459
9.3389
9.0283
8.9065
9.2806
9.2534
9.3067
9.1599
8.8796
9.1453
9.3953
9.2573
9.1059
9.0675
8.9569
9.4108
9.3492
9.0760
9.0118
9.1154
9.1886
9.4510
9.1716
8.8922
9.1546
9.2278
9.3314
9.2673
8.9940
8.9324
9.3863
9.2757
9.2374
9.0859
8.9479
9.1979
9.4636
9.1833
9.0365
9.0898
9.0626
9.4367
9.3149
9.0043
8.9972
9.2358
9.2265
9.4182
9.0902
8.9010
9.2082
9.3373
9.2723
9.1972
8.9824
9.0011
9.4622
9.2736
9.1472
9.0467
9.0451
9.2459
9.4903
9.0931
8.9972
9.1373
9.1784
9.4141
9.2678
8.9451
9.0300
9.3467
9.2439
9.3472
9.0309
8.9465
9.2698
9.4165
9.1813
9.1407
9.0012
9.0975
9.4952
9.2513
9.0510
9.0531
9.1540
9.2809
9.4700
9.0095
8.9912
9.2065
9.2821
9.3476
9.2190
8.9122
9.1019
9.4305
9.2392
9.2491
9.0110
9.0185
9.3295
9.4519
9.0783
9.1059
9.0531
9.2004
9.4813
9.2160
8.9665
9.1050
9.2569
9.2958
9.4069
8.9535
9.0155
9.2893
9.3540
9.2508
9.1781
8.9162
9.1961
9.4759
9.2141
9.1413
9.0382
9.1029
9.3766
9.4387
8.9853
9.0964
9.1352
9.2872
9.4256
9.1762
8.9109
9.1917
9.3390
9.2862
9.3139
8.9403
9.0626
9.3737
9.3812
9.1431
9.1529
8.9617
9.2902
9.4799
9.1731
9.0445
9.1100
9.1856
9.4009
9.3827
8.9221
9.1112
9.2380
9.3390
9.3411
9.1408
8.8969
9.2945
9.3909
9.2513
9.2107
8.9755
9.1222
9.4455
9.3611
9.0448
9.1481
9.0453
9.3620
9.4469
9.1241
8.9779
9.2136
9.2547
9.3947
9.2988
8.9016
9.1460
9.3468
9.3452
9.2447
9.1183
8.9297
9.3907
9.4094
9.1946
9.1195
9.0545
9.1836
9.4908
9.3016
8.9736
9.1653
9.1559
9.3945
9.3875
9.0769
8.9550
9.3291
9.3019
9.3552
9.2084
8.9280
9.1937
9.4437
9.3057
9.1542
9.1158
9.0053
9.4591
9.3975
9.1243
9.0601
9.1637
9.2369
9.4992
9.2199
8.9405
9.2028
9.2760
9.3796
9.3154
9.0422
8.9806
9.4344
9.3239
9.2855
9.1340
8.9960
9.2459
9.5117
9.2313
9.0845
9.1378
9.1106
9.4846
9.3628
9.0522
9.0452
9.2837
9.2744
9.4661
9.1381
8.9488
9.2561
9.3851
9.3201
9.2450
9.0302
9.0489
9.5100
9.3213
9.1949
9.0944
9.0928
9.2936
9.5380
9.1408
9.0449
9.1849
9.2260
9.4617
9.3154
8.9926
9.0775
9.3942
9.2915
9.3947
9.0784
8.9940
9.3173
9.4640
9.2288
9.1881
9.0486
9.1449
9.5426
9.2987
9.0984
9.1004
9.2014
9.3282
9.5173
9.0567
9.0385
9.2538
9.3293
9.3948
9.2662
8.9594
9.1491
9.4776
9.2864
9.2962
9.0581
9.0656
9.3766
9.4989
9.1253
9.1530
9.1002
9.2474
9.5283
9.2630
9.0135
9.1520
9.3039
9.3428
9.4538
9.0004
9.0624
9.3362
9.4008
9.2977
9.2250
8.9631
9.2429
9.5227
9.2608
9.1881
9.0850
9.1496
9.4234
9.4854
9.0320
9.1430
9.1819
9.3339
9.4723
9.2228
8.9575
9.2384
9.3856
9.3328
9.3604
8.9868
9.1091
9.4202
9.4277
9.1896
9.1994
9.0081
9.3366
9.5264
9.2196
9.0910
9.1564
9.2320
9.4472
9.4290
8.9684
9.1575
9.2844
9.3853
9.3873
9.1870
8.9431
9.3408
9.4371
9.2975
9.2569
9.0217
9.1684
9.4916
9.4072
9.0910
9.1942
9.0914
9.4081
9.4930
9.1702
9.0240
9.2596
9.3007
9.4407
9.3448
8.9476
9.1920
9.3927
9.3911
9.2906
9.1642
8.9756
9.4366
9.4553
9.2405
9.1654
9.1004
9.2294
9.5366
9.3474
9.0193
9.2110
9.2017
9.4402
9.4332
9.1226
9.0007
9.3748
9.3476
9.4008
9.2540
8.9736
9.2394
9.4893
9.3513
9.1998
9.1614
9.0508
9.5046
9.4431
9.1698
9.1056
9.2091
9.2823
9.5447
9.2653
8.9859
9.2482
9.3214
9.4250
9.3608
9.0875
9.0259
9.4798
9.3692
9.3307
9.1793
9.0413
9.2912
9.5569
9.2765
9.1297
9.1830
9.1558
9.5298
9.4080
9.0974
9.0903
9.3289
9.3195
9.5112
9.1831
8.9939
9.3011
9.4302
9.3651
9.2900
9.0752
9.0939
9.5549
9.3663
9.2399
9.1394
9.1378
9.3385
9.5829
9.1856
9.0897
9.2298
9.2708
9.5065
9.3602
9.0374
9.1223
9.4390
9.3362
9.4394
9.1232
9.0387
9.3620
9.5086
9.2734
9.2328
9.0932
9.1896
9.5872
9.3433
9.1430
9.1450
9.2459
9.3728
9.5619
9.1013
9.0830
9.2983
9.3738
9.4393
9.3107
9.0039
9.1936
9.5220
9.3308
9.3406
9.1025
9.1099
9.4210
9.5433
9.1697
9.1973
9.1445
9.2917
9.5726
9.3073
9.0578
9.1962
9.3481
9.3870
9.4980
9.0446
9.1066
9.3803
9.4450
9.3418
9.2691
9.0072
9.2870
9.5668
9.3049
9.2322
9.1290
9.1937
9.4674
9.5294
9.0760
9.1870
9.2259
9.3778
9.5162
9.2667
9.0014
9.2822
9.4295
9.3767
9.4043
9.0307
9.1530
9.4640
9.4715
9.2334
9.2431
9.0519
9.3804
9.5701
9.2633
9.1347
9.2001
9.2757
9.4909
9.4727
9.0120
9.2012
9.3280
9.4289
9.4309
9.2306
8.9867
9.3843
9.4807
9.3411
9.3004
9.0652
9.2119
9.5351
9.4507
9.1344
9.2376
9.1348
9.4515
9.5364
9.2136
9.0673
9.3030
9.3440
9.4840
9.3881
8.9909
9.2352
9.4360
9.4344
9.3339
9.2075
9.0188
9.4798
9.4985
9.2837
9.2086
9.1435
9.2726
9.5798
9.3905
9.0624
9.2541
9.2448
9.4833
9.4762
9.1656
9.0438
9.4178
9.3906
9.4438
9.2970
9.0166
9.2823
9.5322
9.3942
9.2427
9.2043
9.0937
9.5475
9.4859
9.2126
9.1484
9.2520
9.3251
9.5875
9.3081
9.0287
9.2910
9.3642
9.4677
9.4035
9.1302
9.0686
9.5224
9.4118
9.3734
9.2219
9.0839
9.3338
9.5995
9.3191
9.1723
9.2255
9.1983
9.5724
9.4505
9.1399
9.1328
9.3714
9.3620
9.5537
9.2256
9.0363
9.3435
9.4726
9.4075
9.3324
9.1176
9.1362
9.5973
9.4086
9.2822
9.1817
9.1801
9.3808
9.6252
9.2279
9.1320
9.2720
9.3131
9.5487
9.4024
9.0796
9.1645
9.4812
9.3784
9.4816
9.1653
9.0809
9.4041
9.5507
9.3155
9.2749
9.1353
9.2316
9.6292
9.3853
9.1850
9.1870
9.2879
9.4147
9.6038
9.1432
9.1250
9.3402
9.4157
9.4812
9.3525
9.0457
9.2354
9.5639
9.3726
9.3824
9.1443
9.1517
9.4628
9.5850
9.2114
9.2390
9.1862
9.3334
9.6143
9.3490
9.0995
9.2378
9.3898
9.4286
9.5396
9.0862
9.1482
9.4219
9.4865
9.3834
9.3106
9.0487
9.3285
9.6083
9.3464
9.2736
9.1705
9.2351
9.5088
9.5708
9.1174
9.2284
9.2673
9.4192
9.5576
9.3081
9.0428
9.3236
9.4708
9.4180
9.4456
9.0720
9.1942
9.5053
9.5128
9.2746
9.2844
9.0931
9.4216
9.6113
9.3045
9.1758
9.2413
9.3168
9.5320
9.5138
9.0531
9.2422
9.3691
9.4700
9.4720
9.2717
9.0277
9.4253
9.5217
9.3821
9.3414
9.1062
9.2528
9.5761
9.4916
9.1753
9.2785
9.1757
9.4924
9.5772
9.2544
9.1082
9.3438
9.3848
9.5248
9.4289
9.0317
9.2760
9.4767
9.4751
9.3746
9.2482
9.0595
9.5205
9.5392
9.3243
9.2492
9.1842
9.3132
9.6204
9.4311
9.1030
9.2947
9.2853
9.5239
9.5168
9.2062
9.0843
9.4583
9.4311
9.4843
9.3375
9.0571
9.3228
9.5727
9.4347
9.2831
9.2447
9.1341
9.5879
9.5263
9.2530
9.1888
9.2923
9.3654
9.6278
9.3484
9.0690
9.3313
9.4044
9.5080
9.4438
9.1704
9.1088
9.5626
9.4520
9.4136
9.2621
9.1241
9.3740
9.6397
9.3592
9.2124
9.2656
9.2384
9.6124
9.4906
9.1799
9.1728
9.4114
9.4020
9.5937
9.2656
9.0763
9.3835
9.5125
9.4475
9.3723
9.1575
9.1761
9.6372
9.4485
9.3220
9.2215
9.2199
9.4206
9.6650
9.2677
9.1718
9.3118
9.3528
9.5884
9.4422
9.1194
9.2042
9.5209
9.4181
9.5213
9.2050
9.1205
9.4437
9.5904
9.3551
9.3145
9.1749
9.2712
9.6688
9.4249
9.2245
9.2265
9.3274
9.4542
9.6433
9.1827
9.1644
9.3796
9.4552
9.5206
9.3920
9.0851
9.2748
9.6033
9.4120
9.4218
9.1836
9.1911
9.5021
9.6244
9.2507
9.2783
9.2255
9.3727
9.6535
9.3882
9.1387
9.2771
9.4290
9.4678
9.5788
9.1254
9.1874
9.4611
9.5257
9.4225
9.3498
9.0878
9.3676
9.6474
9.3855
9.3127
9.2096
9.2742
9.5479
9.6099
9.1564
9.2674
9.3063
9.4582
9.5965
9.3470
9.0817
9.3625
9.5098
9.4569
9.4845
9.1109
9.2331
9.5441
9.5516
9.3134
9.3232
9.1319
9.4604
9.6501
9.3432
9.2146
9.2800
9.3555
9.5708
9.5525
9.0918
9.2809
9.4077
9.5086
9.5106
9.3103
9.0663
9.4640
9.5603
9.4207
9.3800
9.1448
9.2914
9.6146
9.5301
9.2139
9.3170
9.2142
9.5309
9.6157
9.2929
9.1466
9.3822
9.4233
9.5633
9.4673
9.0701
9.3144
9.5151
9.5135
9.4130
9.2865
9.0978
9.5589
9.5775
9.3627
9.2875
9.2224
9.3515
9.6587
9.4694
9.1413
9.3329
9.3235
9.5621
9.5550
9.2443
9.1224
9.4964
9.4692
9.5225
9.3756
9.0952
9.3609
9.6107
9.4727
9.3212
9.2828
9.1721
9.6259
9.5643
9.2910
9.2268
9.3303
9.4034
9.6657
9.3863
9.1069
9.3692
9.4423
9.5459
9.4816
9.2083
9.1467
9.6005
9.4899
9.4514
9.2999
9.1619
9.4118
9.6775
9.3970
9.2502
9.3034
9.2762
9.6502
9.5283
9.2176
9.2105
9.4491
9.4397
9.6313
9.3032
9.1139
9.4211
9.5501
9.4851
9.4099
9.1951
9.2137
9.6747
9.4860
9.3596
9.2590
9.2574
9.4581
9.7025
9.3052
9.2093
9.3492
9.3903
9.6259
9.4796
9.1568
9.2416
9.5583
9.4554
9.5586
9.2423
9.1579
9.4811
9.6277
9.3925
9.3518
9.2122
9.3085
9.7061
9.4621
9.2618
9.2638
9.3647
9.4915
9.6805
9.2199
9.2016
9.4168
9.4923
9.5578
9.4291
9.1223
9.3119
9.6404
9.4491
9.4589
9.2207
9.2281
9.5392
9.6614
9.2878
9.3153
9.2625
9.4097
9.6905
9.4252
9.1757
9.3140
9.4659
9.5047
9.6157
9.1623
9.2243
9.4980
9.5626
9.4594
9.3866
9.1247
9.4045
9.6842
9.4223
9.3495
9.2463
9.3109
9.5846
9.6466
9.1932
9.3042
9.3430
9.4949
9.6332
9.3837
9.1184
9.3992
9.5464
9.4935
9.5211
9.1475
9.2697
9.5807
9.5882
9.3500
9.3598
9.1685
9.4969
9.6866
9.3798
9.2511
9.3165
9.3920
9.6072
9.5890
9.1283
9.3174
9.4442
9.5451
9.5471
9.3467
9.1027
9.5004
9.5966
9.4570
9.4163
9.1811
9.3277
9.6509
9.5664
9.2501
9.3533
9.2505
9.5672
9.6520
9.3291
9.1829
9.4185
9.4595
9.5995
9.5035
9.1062
9.3506
9.5513
9.5496
9.4491
9.3227
9.1339
9.5949
9.6136
9.3987
9.3236
9.2585
9.3875
9.6947
9.5054
9.1773
9.3689
9.3595
9.5980
9.5909
9.2803
9.1584
9.5324
9.5052
9.5584
9.4115
9.1311
9.3967
9.6466
9.5086
9.3571
9.3186
9.2079
9.6617
9.6001
9.3268
9.2625
9.3661
9.4392
9.7015
9.4221
9.1426
9.4049
9.4780
9.5816
9.5173
9.2440
9.1824
9.6362
9.5255
9.4870
9.3355
9.1975
9.4474
9.7130
9.4326
9.2857
9.3389
9.3117
9.6857
9.5638
9.2531
9.2460
9.4846
9.4752
9.6668
9.3387
9.1494
9.4566
9.5856
9.5205
9.4453
9.2305
9.2491
9.7101
9.5214
9.3949
9.2944
9.2927
9.4935
9.7378
9.3405
9.2445
9.3845
9.4256
9.6611
9.5148
9.1920
9.2768
9.5935
9.4907
9.5938
9.2775
9.1930
9.5162
9.6629
9.4276
9.3869
9.2473
9.3436
9.7412
9.4972
9.2968
9.2988
9.3997
9.5265
9.7156
9.2549
9.2366
9.4518
9.5273
9.5927
9.4641
9.1572
9.3469
9.6753
9.4840
9.4938
9.2556
9.2630
9.5741
9.6963
9.3226
9.3502
9.2973
9.4446
9.7253
9.4600
9.2105
9.3488
9.5007
9.5395
9.6505
9.1970
9.2590
9.5327
9.5973
9.4941
9.4213
9.1594
9.4391
9.7189
9.4569
9.3842
9.2810
9.3456
9.6192
9.6812
9.2278
9.3387
9.3776
9.5294
9.6678
9.4183
9.1529
9.4337
9.5809
9.5280
9.5556
9.1820
9.3042
9.6152
9.6226
9.3845
9.3942
9.2029
9.5313
9.7210
9.4141
9.2855
9.3509
9.4264
9.6416
9.6233
9.1626
9.3517
9.4785
9.5794
9.5813
9.3810
9.1370
9.5346
9.6309
9.4913
9.4506
9.2153
9.3619
9.6851
9.6006
9.2843
9.3875
9.2847
9.6013
9.6861
9.3633
9.2170
9.4526
9.4936
9.6335
9.5376
9.1403
9.3846
9.5853
9.5837
9.4831
9.3567
9.1679
9.6289
9.6476
9.4327
9.3575
9.2924
9.4214
9.7286
9.5393
9.2112
9.4028
9.3934
9.6319
9.6248
9.3141
9.1922
9.5662
9.5390
9.5922
9.4453
9.1649
9.4305
9.6804
9.5424
9.3908
9.3523
9.2417
9.6955
9.6338
9.3605
9.2962
9.3997
9.4729
9.7352
9.4557
9.1763
9.4386
9.5117
9.6152
9.5509
9.2776
9.2159
9.6697
9.5591
9.5206
9.3690
9.2310
9.4809
9.7466
9.4661
9.3192
9.3724
9.3452
9.7192
9.5973
9.2866
9.2795
9.5180
9.5086
9.7002
9.3721
9.1828
9.4899
9.6189
9.5538
9.4787
9.2638
9.2824
9.7434
9.5547
9.4282
9.3277
9.3260
9.5267
9.7710
9.3737
9.2778
9.4178
9.4588
9.6943
9.5480
9.2252
9.3100
9.6266
9.5238
9.6270
9.3107
9.2262
9.5493
9.6960
9.4607
9.4200
9.2804
9.3766
9.7742
9.5303
9.3299
9.3319
9.4327
9.5595
9.7486
9.2879
9.2696
9.4848
9.5603
9.6257
9.4970
9.1902
9.3798
9.7082
9.5169
9.5267
9.2885
9.2959
9.6069
9.7291
9.3555
9.3830
9.3302
9.4774
9.7581
9.4928
9.2432
9.3816
9.5335
9.5723
9.6832
9.2298
9.2917
9.5654
9.6300
9.5268
9.4540
9.1920
9.4718
9.7516
9.4896
9.4168
9.3136
9.3782
9.6518
9.7138
9.2603
9.3713
9.4101
9.5620
9.7003
9.4508
9.1854
9.4662
9.6134
9.5605
9.5881
9.2144
9.3367
9.6477
9.6551
9.4169
9.4266
9.2353
9.5637
9.7534
9.4465
9.3179
9.3833
9.4588
9.6739
9.6556
9.1950
9.3840
9.5108
9.6117
9.6136
9.4133
9.1693
9.5669
9.6631
9.5235
9.4828
9.2475
9.3942
9.7173
9.6328
9.3165
9.4197
9.3168
9.6335
9.7183
9.3954
9.2491
9.4847
9.5257
9.6656
9.5697
9.1724
9.4167
9.6174
9.6157
9.5152
9.3887
9.2000
9.6609
9.6796
9.4647
9.3895
9.3244
9.4534
9.7606
9.5712
9.2431
9.4347
9.4253
9.6638
9.6567
9.3460
9.2241
9.5981
9.5708
9.6240
9.4771
9.1967
9.4623
9.7122
9.5742
9.4226
9.3841
9.2735
9.7272
9.6656
9.3922
9.3280
9.4315
9.5046
9.7669
9.4874
9.2079
9.4702
9.5433
9.6468
9.5826
9.3092
9.2476
9.7014
9.5907
9.5522
9.4006
9.2626
9.5125
9.7781
9.4977
9.3508
9.4040
9.3767
9.7507
9.6288
9.3181
9.3110
9.5495
9.5400
9.7317
9.4035
9.2142
9.5214
9.6504
9.5853
9.5101
9.2952
9.3138
9.7748
9.5861
9.4596
9.3590
9.3574
9.5580
9.8023
9.4051
9.3091
9.4490
9.4900
9.7256
9.5793
9.2564
9.3413
9.6579
9.5550
9.6582
9.3419
9.2574
9.5805
9.7271
9.4919
9.4512
9.3115
9.4078
9.8054
9.5614
9.3610
9.3630
9.4638
9.5906
9.7797
9.3190
9.3007
9.5158
9.5913
9.6567
9.5280
9.2212
9.4108
9.7392
9.5479
9.5576
9.3194
9.3269
9.6379
9.7601
9.3864
9.4140
9.3611
9.5083
9.7890
9.5237
9.2741
9.4125
9.5643
9.6031
9.7141
9.2606
9.3226
9.5962
9.6608
9.5576
9.4848
9.2228
9.5026
9.7823
9.5203
9.4475
9.3443
9.4089
9.6825
9.7445
9.2910
9.4020
9.4408
9.5926
9.7310
9.4814
9.2161
9.4968
9.6440
9.5911
9.6187
9.2450
9.3672
9.6782
9.6856
9.4474
9.4572
9.2659
9.5943
9.7839
9.4770
9.3484
9.4137
9.4892
9.7044
9.6861
9.2254
9.4145
9.5412
9.6421
9.6440
9.4437
9.1997
9.5973
9.6935
9.5539
9.5132
9.2779
9.4245
9.7477
9.6632
9.3468
9.4500
9.3471
9.6637
9.7485
9.4257
9.2794
9.5149
9.5559
9.6959
9.5999
9.2026
9.4469
9.6476
9.6459
9.5453
9.4189
9.2301
9.6911
9.7097
9.4948
9.4196
9.3545
9.4835
9.7907
9.6013
9.2732
9.4648
9.4554
9.6939
9.6868
9.3761
9.2541
9.6281
9.6008
9.6540
9.5071
9.2267
9.4923
9.7422
9.6041
9.4525
9.4141
9.3034
9.7571
9.6955
9.4221
9.3579
9.4613
9.5344
9.7967
9.5173
9.2378
9.5001
9.5732
9.6767
9.6124
9.3390
9.2774
9.7311
9.6205
9.5820
9.4304
9.2923
9.5422
9.8078
9.5274
9.3805
9.4337
9.4064
9.7804
9.6584
9.3477
9.3406
9.5791
9.5697
9.7613
9.4332
9.2438
9.5510
9.6799
9.6148
9.5397
9.3248
9.3434
9.8044
9.6156
9.4891
9.3885
9.3869
9.5875
9.8318
9.4345
9.3386
9.4785
9.5195
9.7551
9.6087
9.2859
9.3707
9.6873
9.5844
9.6876
9.3712
9.2867
9.6099
9.7565
9.5212
9.4805
9.3408
9.4371
9.8347
9.5907
9.3903
9.3923
9.4931
9.6199
9.8089
9.3482
9.3299
9.5451
9.6206
9.6859
9.5573
9.2504
9.4400
9.7684
9.5771
9.5868
9.3486
9.3560
9.6670
9.7892
9.4155
9.4431
9.3902
9.5374
9.8181
9.5528
9.3032
9.4415
9.5934
9.6322
9.7431
9.2896
9.3516
9.6252
9.6898
9.5866
9.5138
9.2518
9.5315
9.8113
9.5493
9.4765
9.3733
9.4378
9.7115
9.7734
9.3199
9.4309
9.4697
9.6215
9.7599
9.5103
9.2449
9.5257
9.6729
9.6200
9.6475
9.2738
9.3960
9.7070
9.7144
9.4762
9.4859
9.2946
9.6230
9.8126
9.5058
9.3771
9.4425
9.5179
9.7331
9.7148
9.2541
9.4431
9.5699
9.6707
9.6727
9.4723
9.2283
9.6259
9.7221
9.5825
9.5417
9.3065
9.4531
9.7762
9.6917
9.3754
9.4785
9.3756
9.6923
9.7770
9.4542
9.3078
9.5434
9.5844
9.7243
9.6284
9.2311
9.4753
9.6760
9.6743
9.5738
9.4473
9.2585
9.7195
9.7381
9.5232
9.4480
9.3829
9.5119
9.8190
9.6297
9.3015
9.4931
9.4837
9.7222
9.7150
9.4043
9.2824
9.6564
9.6291
9.6823
9.5354
9.2549
9.5205
9.7704
9.6323
9.4807
9.4422
9.3316
9.7853
9.7236
9.4503
9.3860
9.4895
9.5626
9.8248
9.5454
9.2659
9.5282
9.6013
9.7047
9.6405
9.3671
9.3054
9.7592
9.6485
9.6100
9.4584
9.3204
9.5702
9.8358
9.5554
9.4084
9.4616
9.4344
9.8083
9.6864
9.3757
9.3685
9.6070
9.5976
9.7892
9.4611
9.2717
9.5789
9.7078
9.6427
9.5675
9.3526
9.3712
9.8322
9.6434
9.5169
9.4163
9.4147
9.6153
9.8596
9.4623
9.3663
9.5063
9.5473
9.7828
9.6365
9.3136
9.3984
9.7150
9.6121
9.7153
9.3989
9.3144
9.6376
9.7842
9.5489
9.5081
9.3685
9.4647
9.8623
9.6183
9.4179
9.4198
9.5207
9.6474
9.8365
9.3758
9.3575
9.5726
9.6481
9.7135
9.5848
9.2779
9.4675
9.7959
9.6046
9.6143
9.3761
9.3835
9.6944
9.8166
9.4430
9.4705
9.4176
9.5648
9.8455
9.5801
9.3306
9.4689
9.6207
9.6595
9.7705
9.3170
9.3789
9.6526
9.7171
9.6139
9.5411
9.2791
9.5588
9.8385
9.5765
9.5037
9.4005
9.4651
9.7387
9.8006
9.3471
9.4581
9.4969
9.6487
9.7870
9.5375
9.2721
9.5528
9.7000
9.6471
9.6746
9.3010
9.4232
9.7341
9.7415
9.5033
9.5130
9.3217
9.6501
9.8397
9.5328
9.4041
9.4695
9.5450
9.7601
9.7418
9.2811
9.4701
9.5969
9.6977
9.6997
9.4993
9.2552
9.6528
9.7491
9.6094
9.5687
9.3334
9.4800
9.8031
9.7186
9.4023
9.5054
9.4025
9.7191
9.8039
9.4810
9.3347
9.5702
9.6112
9.7512
9.6552
9.2578
9.5021
9.7028
9.7011
9.6005
9.4740
9.2853
9.7462
9.7648
9.5499
9.4747
9.4096
9.5386
9.8457
9.6563
9.3282
9.5198
9.5104
9.7488
9.7417
9.4310
9.3090
9.6830
9.6557
9.7089
9.5620
9.2815
9.5471
9.7969
9.6589
9.5073
9.4688
9.3581
9.8119
9.7502
9.4768
9.4125
9.5160
9.5891
9.8513
9.5718
9.2924
9.5546
9.6277
9.7312
9.6669
9.3935
9.3318
9.7856
9.6749
9.6364
9.4848
9.3467
9.5966
9.8622
9.5817
9.4348
9.4880
9.4607
9.8346
9.7127
9.4020
9.3948
9.6333
9.6239
9.8155
9.4873
9.2980
9.6051
9.7341
9.6689
9.5937
9.3788
9.3974
9.8584
9.6696
9.5431
9.4425
9.4408
9.6415
9.8858
9.4885
9.3925
9.5324
9.5734
9.8089
9.6626
9.3397
9.4245
9.7411
9.6382
9.7413
9.4250
9.3405
9.6636
9.8102
9.5749
9.5342
9.3945
9.4907
9.8883
9.6443
9.4439
9.4458
9.5467
9.6734
9.8624
9.4017
9.3834
9.5985
9.6740
9.7394
9.6107
9.3038
9.4934
9.8218
9.6305
9.6402
9.4019
9.4093
9.7203
9.8425
9.4688
9.4963
9.4434
9.5906
9.8713
9.6059
9.3564
9.4947
9.6465
9.6853
9.7962
9.3427
9.4047
9.6783
9.7428
9.6396
9.5668
9.3048
9.5845
9.8642
9.6022
9.5294
9.4262
9.4907
9.7643
9.8263
9.3728
9.4837
9.5225
9.6743
9.8126
9.5631
9.2977
9.5784
9.7256
9.6727
9.7002
9.3265
9.4487
9.7597
9.7671
9.5288
9.5385
9.3472
9.6756
9.8652
9.5583
9.4296
9.4950
9.5704
9.7856
9.7672
9.3065
9.4955
9.6223
9.7231
9.7251
9.5247
9.2806
9.6782
9.7744
9.6348
9.5940
9.3587
9.5053
9.8285
9.7439
9.4276
9.5307
9.4278
9.7444
9.8292
9.5063
9.3600
9.5955
9.6365
9.7764
9.6804
9.2831
9.5274
9.7280
9.7263
9.6257
9.4992
9.3104
9.7714
9.7900
9.5751
9.4999
9.4347
9.5637
9.8708
9.6815
9.3533
9.5449
9.5355
9.7739
9.7668
9.4561
9.3341
9.7081
9.6808
9.7339
9.5870
9.3065
9.5721
9.8220
9.6839
9.5323
9.4938
9.3831
9.8368
9.7751
9.5018
9.4375
9.5409
9.6140
9.8763
9.5968
9.3173
9.5795
9.6526
9.7561
9.6918
9.4184
9.3567
9.8105
9.6998
9.6612
9.5097
9.3716
9.6214
9.8870
9.6065
9.4596
9.5128
9.4855
9.8594
9.7375
9.4268
9.4196
9.6581
9.6486
9.8402
9.5121
9.3227
9.6298
9.7588
9.6937
9.6184
9.4035
9.4221
9.8831
9.6943
9.5678
9.4672
9.4655
9.6661
9.9104
9.5131
9.4171
9.5570
9.5980
9.8335
9.6872
9.3643
9.4491
9.7657
9.6628
9.7659
9.4495
9.3650
9.6881
9.8347
9.5994
9.5587
9.4190
9.5152
9.9128
9.6688
9.4684
9.4703
9.5711
9.6979
9.8869
9.4262
9.4078
9.6230
9.6984
9.7638
9.6351
9.3282
9.5178
9.8462
9.6548
9.6645
9.4263
9.4337
9.7446
9.8668
9.4931
9.5206
9.4677
9.6149
9.8956
9.6302
9.3806
9.5189
9.6708
9.7095
9.8205
9.3670
9.4289
9.7025
9.7670
9.6638
9.5910
9.3290
9.6087
9.8884
9.6264
9.5536
9.4503
9.5149
9.7885
9.8504
9.3969
9.5079
9.5466
9.6984
9.8367
9.5872
9.3218
9.6025
9.7497
9.6967
9.7243
9.3506
9.4727
9.7837
9.7911
9.5529
9.5625
9.3712
9.6996
9.8892
9.5823
9.4536
9.5189
9.5944
9.8095
9.7912
9.3305
9.5195
9.6462
9.7471
9.7490
9.5486
9.3045
9.7021
9.7983
9.6586
9.6179
9.3826
9.5292
9.8523
9.7678
9.4514
9.5545
9.4516
9.7682
9.8530
9.5301
9.3838
9.6193
9.6603
9.8002
9.7042
9.3068
9.5511
9.7518
9.7501
9.6495
9.5230
9.3342
9.7951
9.8137
9.5988
9.5236
9.4584
9.5874
9.8945
9.7051
9.3770
9.5686
9.5591
9.7976
9.7904
9.4797
9.3577
9.7317
9.7044
9.7575
9.6106
9.3301
9.5957
9.8455
9.7075
9.5559
9.5173
9.4066
9.8604
9.7987
9.5253
9.4610
9.5644
9.6375
9.8998
9.6203
9.3408
9.6030
9.6761
9.7795
9.7152
9.4418
9.3802
9.8339
9.7232
9.6847
9.5331
9.3950
9.6448
9.9104
9.6299
9.4830
9.5361
9.5088
9.8828
9.7608
9.4501
9.4429
9.6814
9.6719
9.8635
9.5354
9.3460
9.6531
9.7821
9.7169
9.6417
9.4268
9.4454
9.9063
9.7175
9.5910
9.4904
9.4887
9.6894
9.9336
9.5363
9.4403
9.5802
9.6212
9.8567
9.7103
9.3874
9.4722
9.7888
9.6859
9.7890
9.4727
9.3881
9.7112
9.8578
9.6225
9.5818
9.4421
9.5383
9.9359
9.6918
9.4914
9.4933
9.5942
9.7209
9.9099
9.4492
9.4308
9.6460
9.7214
9.7868
9.6581
9.3511
9.5407
9.8691
9.6778
9.6875
9.4492
9.4566
9.7676
9.8897
9.5160
9.5435
9.4906
9.6378
9.9185
9.6531
9.4035
9.5418
9.6936
9.7324
9.8433
9.3898
9.4517
9.7253
9.7899
9.6866
9.6138
9.3518
9.6315
9.9112
9.6492
9.5763
9.4731
9.5376
9.8112
9.8732
9.4196
9.5306
9.5693
9.7212
9.8595
9.6099
9.3445
9.6252
9.7723
9.7194
9.7469
9.3732
9.4954
9.8063
9.8137
9.5755
9.5852
9.3938
9.7222
9.9118
9.6049
9.4762
9.5415
9.6170
9.8321
9.8138
9.3530
9.5420
9.6688
9.7696
9.7715
9.5711
9.3271
9.7246
9.8208
9.6811
9.6404
9.4051
9.5517
9.8748
9.7902
9.4739
9.5770
9.4741
9.7907
9.8754
9.5525
9.4062
9.6417
9.6827
9.8226
9.7266
9.3292
9.5735
9.7741
9.7724
9.6718
9.5453
9.3565
9.8175
9.8360
9.6211
9.5459
9.4807
9.6097
9.9168
9.7274
9.3993
9.5908
9.5814
9.8198
9.8127
9.5019
9.3800
9.7539
9.7266
9.7798
9.6328
9.3523
9.6179
9.8677
9.7296
9.5780
9.5395
9.4288
9.8825
9.8208
9.5474
9.4831
9.5866
9.6596
9.9219
9.6424
9.3629
9.6251
9.6982
9.8016
9.7373
9.4639
9.4022
9.8560
9.7452
9.7067
9.5551
9.4170
9.6668
9.9324
9.6519
9.5050
9.5581
9.5308
9.9048
9.7828
9.4721
9.4649
9.7034
9.6939
9.8855
9.5573
9.3679
9.6750
9.8040
9.7388
9.6636
9.4487
9.4673
9.9282
9.7394
9.6129
9.5123
9.5106
9.7112
9.9555
9.5581
9.4621
9.6020
9.6430
9.8785
9.7322
9.4092
9.4940
9.8106
9.7077
9.8108
9.4944
9.4099
9.7330
9.8796
9.6443
9.6035
9.4638
9.5600
9.9576
9.7135
9.5131
9.5150
9.6159
9.7426
9.9316
9.4708
9.4525
9.6676
9.7431
9.8084
9.6797
9.3728
9.5624
9.8907
9.6994
9.7091
9.4708
9.4782
9.7891
9.9113
9.5376
9.5651
9.5122
9.6593
9.9400
9.6746
9.4250
9.5633
9.7152
9.7539
9.8648
9.4113
9.4732
9.7468
9.8114
9.7081
9.6353
9.3732
9.6529
9.9327
9.6706
9.5978
9.4945
9.5590
9.8327
9.8946
9.4411
9.5520
9.5907
9.7425
9.8808
9.6312
9.3658
9.6465
9.7937
9.7408
9.7683
9.3946
9.5167
9.8277
9.8350
9.5968
9.6065
9.4151
9.7435
9.9331
9.6262
9.4974
9.5628
9.6382
9.8534
9.8350
9.3743
9.5633
9.6900
9.7908
9.7927
9.5923
9.3483
9.7458
9.8420
9.7023
9.6616
9.4263
9.5728
9.8959
9.8114
9.4950
9.5981
9.4952
9.8118
9.8966
9.5736
9.4273
9.6628
9.7038
9.8437
9.7477
9.3503
9.5946
9.7952
9.7935
9.6929
9.5664
9.3776
9.8385
9.8570
9.6421
9.5669
9.5017
9.6307
9.9378
9.7484
9.4202
9.6118
9.6023
9.8408
9.8336
9.5229
9.4009
9.7748
9.7475
9.8007
9.6537
9.3732
9.6388
9.8886
9.7505
9.5989
9.5604
9.4497
9.9034
9.8417
9.5683
9.5040
9.6074
9.6805
9.9427
9.6632
9.3837
9.6459
9.7190
9.8224
9.7581
9.4847
9.4230
9.8767
9.7660
9.7275
9.5759
9.4378
9.6876
9.9532
9.6727
9.5257
9.5789
9.5516
9.9255
9.8035
9.4928
9.4856
9.7240
9.7146
9.9061
9.5780
9.3886
9.6957
9.8246
9.7595
9.6842
9.4693
9.4879
9.9488
9.7600
9.6335
9.5329
9.5312
9.7318
9.9760
9.5787
9.4827
9.6226
9.6635
9.8991
9.7527
9.4298
9.5145
9.8311
9.7282
9.8313
9.5149
9.4304
9.7535
9.9001
9.6647
9.6240
9.4843
9.5805
9.9780
9.7340
9.5336
9.5355
9.6363
9.7630
9.9520
9.4913
9.4729
9.6880
9.7635
9.8288
9.7001
9.3932
9.5827
9.9111
9.7198
9.7294
9.4912
9.4985
9.8095
9.9316
9.5579
9.5854
9.5325
9.6796
9.9603
9.6949
9.4453
9.5836
9.7354
9.7742
9.8851
9.4316
9.4935
9.7671
9.8316
9.7283
9.6555
9.3934
9.6732
9.9529
9.6908
9.6180
9.5147
9.5792
9.8528
9.9147
9.4612
9.5721
9.6109
9.7627
9.9010
9.6514
9.3860
9.6667
9.8138
9.7609
9.7884
9.4147
9.5368
9.8478
9.8551
9.6169
9.6265
9.4352
9.7635
9.9531
9.6462
9.5175
9.5828
9.6583
9.8734
9.8550
9.3943
9.5833
9.7100
9.8108
9.8127
9.6123
9.3682
9.7658
9.8620
9.7223
9.6815
9.4462
9.5928
9.9159
9.8313
9.5149
9.6180
9.5151
9.8317
9.9164
9.5935
9.4472
9.6827
9.7236
9.8635
9.7675
9.3702
9.6144
9.8150
9.8133
9.7127
9.5862
9.3974
9.8583
9.8768
9.6619
9.5867
9.5215
9.6505
9.9576
9.7682
9.4400
9.6316
9.6221
9.8605
9.8534
9.5426
9.4206
9.7946
9.7672
9.8204
9.6734
9.3929
9.6585
9.9083
9.7702
9.6186
9.5801
9.4693
9.9231
9.8613
9.5879
9.5236
9.6271
9.7001
9.9623
9.6828
9.4033
9.6655
9.7386
9.8420
9.7777
9.5043
9.4426
9.8963
9.7856
9.7470
9.5954
9.4573
9.7071
9.9727
9.6922
9.5452
9.5984
9.5711
9.9450
9.8230
9.5123
9.5051
9.7435
9.7341
9.9256
9.5974
9.4080
9.7151
9.8441
9.7789
9.7037
9.4888
9.5073
9.9682
9.7794
9.6529
9.5523
9.5506
9.7512
9.9954
9.5981
9.5020
9.6419
9.6829
9.9184
9.7720
9.4491
9.5339
9.8504
9.7475
9.8506
9.5342
9.4497
9.7728
9.9193
9.6840
9.6433
9.5035
9.5998
9.9973
9.7532
9.5528
9.5547
9.6555
9.7822
9.9712
9.5105
9.4921
9.7072
9.7827
9.8480
9.7193
9.4123
9.6019
9.9303
9.7389
9.7486
9.5103
9.5177
9.8286
9.9508
9.5771
9.6046
9.5516
9.6988
9.9795
9.7140
9.4644
9.6027
9.7545
9.7933
9.9042
9.4506
9.5125
9.7861
9.8506
9.7474
9.6745
9.4125
9.6922
9.9719
9.7099
9.6370
9.5337
9.5982
9.8718
9.9337
9.4802
9.5911
9.6298
9.7817
9.9199
9.6703
9.4049
9.6856
9.8328
9.7798
9.8073
9.4336
9.5557
9.8667
9.8740
9.6358
9.6454
9.4541
9.7824
9.9720
9.6651
9.5363
9.6017
9.6771
9.8922
9.8739
9.4131
9.6021
9.7288
9.8296
9.8315
9.6311
9.3870
9.7846
9.8808
9.7411
9.7003
9.4650
9.6115
9.9346
9.8501
9.5337
9.6368
9.5339
9.8504
9.9352
9.6123
9.4659
9.7014
9.7423
9.8822
9.7862
9.3889
9.6331
9.8337
9.8320
9.7314
9.6048
9.4160
9.8770
9.8955
9.6806
9.6053
9.5402
9.6691
9.9762
9.7868
9.4586
9.6502
9.6407
9.8791
9.8719
9.5612
9.4392
9.8131
9.7858
9.8390
9.6920
9.4115
9.6771
9.9269
9.7888
9.6371
9.5986
9.4878
9.9416
9.8798
9.6064
9.5421
9.6455
9.7186
9.9808
9.7013
9.4218
9.6840
9.7570
9.8605
9.7961
9.5227
9.4610
9.9147
9.8040
9.7654
9.6138
9.4757
9.7255
9.9911
9.7106
9.5636
9.6167
9.5894
9.9633
9.8414
9.5306
9.5234
9.7619
9.7524
9.9439
9.6158
9.4264
9.7335
9.8624
9.7972
9.7220
9.5070
9.5256
9.9865
9.7977
9.6712
9.5705
9.5688
9.7694
10.0137
9.6163
9.5203
9.6602
9.7011
9.9366
9.7903
9.4673
9.5521
9.8686
9.7657
9.8688
9.5524
9.4679
9.7910
9.9375
9.7022
9.6614
9.5217
9.6179
10.0154
9.7714
9.5709
9.5728
9.6736
9.8003
9.9893
9.5286
9.5102
9.7253
9.8008
9.8661
9.7374
9.4304
9.6200
9.9483
9.7570
9.7666
9.5284
9.5357
9.8467
9.9688
9.5951
9.6226
9.5696
9.7168
9.9975
9.7320
9.4824
9.6207
9.7725
9.8112
9.9221
9.4686
9.5305
9.8041
9.8686
9.7653
9.6925
9.4304
9.7101
9.9898
9.7278
9.6549
9.5516
9.6161
9.8897
9.9516
9.4981
9.6090
9.6477
9.7995
9.9378
9.6882
9.4228
9.7035
9.8506
9.7976
9.8251
9.4514
9.5736
9.8845
9.8918
9.6536
9.6632
9.4719
9.8002
9.9898
9.6829
9.5541
9.6194
9.6949
9.9100
9.8916
9.4309
9.6198
9.7465
9.8474
9.8493
9.6488
9.4047
9.8023
9.8985
9.7588
9.7180
9.4827
9.6292
9.9523
9.8677
9.5514
9.6544
9.5515
9.8681
9.9528
9.6299
9.4835
9.7190
9.7600
9.8999
9.8038
9.4065
9.6507
9.8513
9.8496
9.7489
9.6224
9.4336
9.8945
9.9131
9.6981
9.6229
9.5577
9.6866
9.9937
9.8043
9.4761
9.6677
9.6582
9.8966
9.8894
9.5787
9.4567
9.8306
9.8033
9.8564
9.7095
9.4289
9.6945
9.9443
9.8062
9.6546
9.6160
9.5053
9.9590
9.8973
9.6238
9.5595
9.6630
9.7360
9.9982
9.7187
9.4392
9.7014
9.7744
9.8778
9.8135
9.5401
9.4784
9.9321
9.8213
9.7828
9.6312
9.4930
9.7428
10.0084
9.7279
9.5809
9.6341
9.6067
9.9806
9.8587
9.5479
9.5407
9.7791
9.7697
9.9612
9.6330
9.4436
9.7507
9.8796
9.8145
9.7392
9.5243
9.5428
10.0037
9.8149
9.6884
9.5877
9.5860
9.7866
10.0309
9.6335
9.5375
9.6774
9.7183
9.9538
9.8074
9.4845
9.5692
9.8858
9.7829
9.8859
9.5696
9.4850
9.8081
9.9546
9.7193
9.6785
9.5388
9.6350
10.0325
9.7885
9.5880
9.5899
9.6907
9.8174
10.0064
9.5456
9.5273
9.7424
9.8178
9.8831
9.7544
9.4474
9.6370
9.9654
9.7740
9.7836
9.5454
9.5527
9.8636
9.9858
9.6121
9.6395
9.5866
9.7337
10.0144
9.7490
9.4994
9.6376
9.7894
9.8282
9.9391
9.4855
9.5474
9.8210
9.8855
9.7822
9.7094
9.4473
9.7270
10.0067
9.7446
9.6717
9.5684
9.6328
9.9063
9.9680
9.5144
9.6251
9.6637
9.8153
9.9533
9.7035
9.4378
9.7182
9.8651
9.8118
9.8390
9.4649
9.5867
9.8973
9.9043
9.6656
9.6748
9.4830
9.8109
10.0000
9.6925
9.5633
9.6281
9.7030
9.9175
9.8985
9.4372
9.6255
9.7516
9.8517
9.8530
9.6518
9.4071
9.8039
9.8993
9.7588
9.7173
9.4811
9.6269
9.9491
9.8637
9.5464
9.6486
9.5448
9.8604
9.9442
9.6204
9.4730
9.7075
9.7474
9.8863
9.7892
9.3908
9.6339
9.8334
9.8306
9.7288
9.6011
9.4111
9.8709
9.8882
9.6720
9.5955
9.5291
9.6567
9.9625
9.7718
9.4423
9.6325
9.6216
9.8587
9.8501
9.5379
9.4145
9.7869
9.7582
9.8098
9.6613
9.3793
9.6433
9.8915
9.7518
9.5986
9.5584
9.4461
9.8981
9.8347
9.5596
9.4936
9.5953
9.6666
9.9271
9.6458
9.3645
9.6249
9.6961
9.7977
9.7315
9.4562
9.3926
9.8444
9.7317
9.6912
9.5376
9.3975
9.6453
9.9089
9.6263
9.4773
9.5283
9.4989
9.8707
9.7466
9.4337
9.4244
9.6606
9.6490
9.8383
9.5079
9.3162
9.6211
9.7477
9.6803
9.6027
9.3854
9.4016
9.8602
9.6690
9.5400
9.4370
9.4328
9.6310
9.8727
9.4729
9.3744
9.5117
9.5501
9.7831
9.6341
9.3086
9.3907
9.7047
9.5991
9.6995
9.3805
9.2932
9.6136
9.7574
9.5193
9.4758
9.3333
9.4267
9.8214
9.5745
9.3712
9.3702
9.4682
9.5920
9.7780
9.3143
9.2930
9.5052
9.5776
9.6399
9.5081
9.1982
9.3847
9.7100
9.5155
9.5221
9.2807
9.2849
9.5926
9.7116
9.3347
9.3590
9.3028
9.4467
9.7241
9.4554
9.2025
9.3375
9.4859
9.5213
9.6288
9.1719
9.2304
9.5006
9.5617
9.4550
9.3786
9.1131
9.3893
9.6655
9.3999
9.3235
9.2166
9.2775
9.5475
9.6058
9.1486
9.2559
9.2909
9.4390
9.5736
9.3203
9.0511
9.3281
9.4714
9.4147
9.4384
9.0608
9.1791
9.4862
9.4897
9.2475
9.2533
9.0580
9.3824
9.5680
9.2571
9.1243
9.1857
9.2571
9.4681
9.4457
8.9809
9.1658
9.2884
9.3850
9.3828
9.1782
8.9299
9.3233
9.4153
9.2713
9.2263
8.9867
9.1290
9.4478
9.3589
9.0382
9.1369
9.0297
9.3418
9.4222
9.0948
8.9440
9.1751
9.2116
9.3470
9.2465
8.8446
9.0843
9.2804
9.2741
9.1689
9.0377
8.8443
9.3006
9.3145
9.0949
9.0150
8.9451
9.0693
9.3717
9.1775
8.8446
9.0313
9.0171
9.2507
9.2387
8.9231
8.7962
9.1653
9.1330
9.1813
9.0294
8.7439
9.0045
9.2493
9.1062
8.9496
8.9060
8.7902
9.2389
9.1721
8.8936
8.8241
8.9224
8.9903
9.2474
8.9627
8.6780
8.9350
9.0028
9.1010
9.0314
8.7527
8.6857
9.1341
9.0180
8.9741
8.8171
8.6737
8.9181
9.1782
8.8923
8.7399
8.7875
8.7548
9.1232
8.9957
8.6794
8.6667
8.8996
8.8845
9.0705
8.7367
8.5417
8.8431
8.9664
8.8955
8.8146
8.5940
8.6068
9.0620
8.8674
8.7351
8.6287
8.6212
8.8160
9.0544
8.6512
8.5493
8.6833
8.7183
8.9479
8.7956
8.4667
8.5455
8.8561
8.7472
8.8442
8.5218
8.4312
8.7482
8.8887
8.6473
8.6004
8.4546
8.5446
8.9360
8.6858
8.4791
8.4748
8.5694
8.6899
8.8726
8.4056
8.3809
8.5897
8.6588
8.7178
8.5827
8.2694
8.4526
8.7745
8.5768
8.5800
8.3353
8.3362
8.6406
8.7563
8.3760
8.3970
8.3375
8.4780
8.7522
8.4801
8.2239
8.3556
8.5007
8.5328
8.6370
8.1768
8.2320
8.4989
8.5566
8.4466
8.3669
8.0981
8.3710
8.6439
8.3750
8.2953
8.1852
8.2428
8.5095
8.5644
8.1040
8.2079
8.2397
8.3845
8.5158
8.2592
7.9867
8.2604
8.4004
8.3404
8.3608
7.9800
8.0950
8.3988
8.3990
8.1536
8.1560
7.9575
8.2786
8.4609
8.1467
8.0107
8.0688
8.1369
8.3447
8.3190
7.8509
8.0325
8.1519
8.2453
8.2398
8.0319
7.7804
8.1705
8.2592
8.1120
8.0637
7.8209
7.9599
8.2754
8.1833
7.8593
7.9548
7.8443
8.1532
8.2303
7.8997
7.7457
7.9735
8.0067
8.1389
8.0351
7.6300
7.8664
8.0593
8.0497
7.9413
7.8069
7.6103
8.0633
8.0740
7.8511
7.7680
7.6949
7.8159
8.1150
7.9176
7.5814
7.7650
7.7475
7.9779
7.9626
7.6438
7.5137
7.8795
7.8441
7.8891
7.7340
7.4453
7.7027
7.9443
7.7980
7.6381
7.5913
7.4723
7.9178
7.8478
7.5660
7.4934
7.5885
7.6532
7.9070
7.6191
7.3313
7.5851
7.6498
7.7448
7.6722
7.3904
7.3203
7.7657
7.6466
7.5997
7.4397
7.2932
7.5347
7.7920
7.5031
7.3478
7.3926
7.3569
7.7225
7.5922
7.2731
7.2576
7.4878
7.4700
7.6532
7.3167
7.1190
7.4178
7.5384
7.4650
7.3814
7.1582
7.1684
7.6211
7.4240
7.2891
7.1802
7.1702
7.3626
7.5985
7.1929
7.0886
7.2202
7.2529
7.4801
7.3255
6.9943
7.0708
7.3791
7.2680
7.3628
7.0381
6.9453
7.2602
7.3985
7.1549
7.1059
6.9580
7.0460
7.4353
7.1830
6.9743
6.9680
7.0606
7.1791
7.3599
6.8909
6.8643
7.0712
7.1385
7.1956
7.0587
6.7435
6.9249
7.2451
7.0455
7.0470
6.8005
6.7997
7.1025
7.2165
6.8345
6.8539
6.7927
6.9317
7.2043
6.9307
6.6729
6.8030
6.9467
6.9772
7.0800
6.6183
6.6721
6.9375
6.9939
6.8825
6.8015
6.5313
6.8029
7.0744
6.8043
6.7233
6.6119
6.6683
6.9338
6.9876
6.5259
6.6287
6.6593
6.8030
6.9332
6.6755
6.4020
6.6746
6.8136
6.7526
6.7720
6.3902
6.5042
6.8071
6.8064
6.5600
6.5616
6.3622
6.6825
6.8640
6.5490
6.4122
6.4695
6.5368
6.7439
6.7175
6.2487
6.4296
6.5483
6.6410
6.6349
6.4264
6.1743
6.5638
6.6520
6.5043
6.4555
6.2121
6.3507
6.6657
6.5732
6.2488
6.3438
6.2329
6.5415
6.6182
6.2873
6.1329
6.3604
6.3934
6.5253
6.4213
6.0159
6.2522
6.4448
6.4351
6.3265
6.1920
5.9952
6.4482
6.4587
6.2358
6.1526
6.0795
6.2005
6.4996
6.3023
5.9661
6.1497
6.1323
6.3628
6.3477
6.0290
5.8991
6.2650
6.2298
6.2750
6.1201
5.8316
6.0893
6.3312
6.1852
6.0256
5.9792
5.8605
6.3063
6.2367
5.9554
5.8831
5.9787
6.0438
6.2981
6.0107
5.7233
5.9777
6.0428
6.1384
6.0662
5.7849
5.7153
6.1611
6.0425
5.9961
5.8366
5.6906
5.9325
6.1903
5.9019
5.7471
5.7924
5.7572
6.1233
5.9934
5.6748
5.6598
5.8904
5.8731
6.0568
5.7208
5.5236
5.8228
5.9439
5.8709
5.7879
5.5651
5.5759
6.0290
5.8323
5.6980
5.5896
5.5800
5.7729
6.0093
5.6041
5.5003
5.6324
5.6656
5.8933
5.7391
5.4084
5.4854
5.7942
5.6835
5.7788
5.4546
5.3623
5.6776
5.8164
5.5733
5.5248
5.3773
5.4658
5.8556
5.6037
5.3955
5.3897
5.4828
5.6017
5.7830
5.3145
5.2884
5.4958
5.5635
5.6211
5.4846
5.1700
5.3518
5.6724
5.4734
5.4753
5.2293
5.2290
5.5322
5.6467
5.2652
5.2850
5.2244
5.3638
5.6368
5.3637
5.1064
5.2370
5.3811
5.4121
5.5154
5.0542
5.1084
5.3743
5.4311
5.3202
5.2397
4.9700
5.2420
5.5140
5.2443
5.1638
5.0529
5.1097
5.3757
5.4300
4.9688
5.0720
5.1031
5.2473
5.3779
5.1207
4.8476
5.1207
5.2602
5.1996
5.2195
4.8382
4.9527
5.2560
5.2558
5.0099
5.0119
4.8130
5.1337
5.3157
5.0012
4.8648
4.9226
4.9904
5.1979
5.1720
4.7036
4.8850
5.0042
5.0974
5.0917
4.8837
4.6321
5.0220
5.1107
4.9634
4.9151
4.6722
4.8112
5.1267
5.0346
4.7107
4.8062
4.6957
5.0048
5.0820
4.7515
4.5976
4.8256
4.8590
4.9913
4.8878
4.4829
4.7196
4.9127
4.9034
4.7953
4.6613
4.4649
4.9183
4.9294
4.7069
4.6242
4.5515
4.6729
4.9725
4.7757
4.4400
4.6240
4.6071
4.8380
4.8233
4.5051
4.3756
4.7421
4.7073
4.7529
4.5985
4.3105
4.5686
4.8110
4.6654
4.5063
4.4603
4.3421
4.7884
4.7192
4.4383
4.3666
4.4626
4.5282
4.7829
4.4960
4.2090
4.4638
4.5294
4.6254
4.5537
4.2728
4.2037
4.6500
4.5318
4.4859
4.3268
4.1813
4.4237
4.6819
4.3940
4.2396
4.2853
4.2506
4.6171
4.4877
4.1696
4.1550
4.3861
4.3692
4.5534
4.2178
4.0210
4.3208
4.4423
4.3698
4.2872
4.0649
4.0760
4.5296
4.3334
4.1995
4.0915
4.0825
4.2757
4.5126
4.1079
4.0045
4.1371
4.1707
4.3989
4.2451
3.9149
3.9923
4.3015
4.1913
4.2870
3.9633
3.8714
4.1872
4.3265
4.0838
4.0357
3.8887
3.9776
4.3678
4.1165
3.9087
3.9033
3.9968
4.1162
4.2979
3.8299
3.8042
4.0121
4.0802
4.1382
4.0022
3.6880
3.8703
4.1914
3.9928
3.9951
3.7496
3.7497
4.0534
4.1683
3.7873
3.8075
3.7473
3.8872
4.1606
3.8880
3.6311
3.7621
3.9067
3.9382
4.0419
3.5811
3.6358
3.9021
3.9594
3.8489
3.7688
3.4995
3.7720
4.0445
3.7752
3.6952
3.5847
3.6420
3.9084
3.9631
3.5023
3.6060
3.6375
3.7822
3.9132
3.6564
3.3838
3.6573
3.7973
3.7371
3.7575
3.3765
3.4915
3.7953
3.7955
3.5500
3.5525
3.3540
3.6752
3.8576
3.5435
3.4076
3.4658
3.5340
3.7420
3.7165
3.2486
3.4304
3.5500
3.6436
3.6384
3.4308
3.1796
3.5700
3.6591
3.5123
3.4644
3.2219
3.3613
3.6773
3.5856
3.2621
3.3581
3.2481
3.5575
3.6352
3.3051
3.1517
3.3801
3.4139
3.5467
3.4436
3.0391
3.2763
3.4698
3.4610
3.3533
3.2197
3.0238
3.4776
3.4891
3.2671
3.1847
3.1125
3.2344
3.5344
3.3379
3.0027
3.1872
3.1707
3.4020
3.3878
3.0700
2.9410
3.3078
3.2735
3.3196
3.1655
2.8780
3.1365
3.3793
3.2342
3.0755
3.0299
2.9122
3.3589
3.2901
3.0097
2.9383
3.0347
3.1008
3.3560
3.0694
2.7829
3.0381
3.1042
3.2006
3.1293
2.8489
2.7801
3.2269
3.1091
3.0636
2.9050
2.7599
3.0027
3.2613
2.9738
2.8199
2.8660
2.8318
3.1987
3.0697
2.7520
2.7379
2.9693
2.9529
3.1375
2.8024
2.6060
2.9062
3.0281
2.9560
2.8738
2.6520
2.6635
3.1175
2.9218
2.7883
2.6808
2.6721
2.8658
3.1031
2.6988
2.5959
2.7288
2.7629
2.9914
2.8382
2.5083
2.5861
2.8958
2.7860
2.8822
2.5589
2.4674
2.7836
2.9233
2.6810
2.6334
2.4868
2.5761
2.9667
2.7158
2.5085
2.5035
2.5974
2.7172
2.8994
2.4317
2.4065
2.6147
2.6833
2.7418
2.6062
2.2924
2.4751
2.7966
2.5984
2.6012
2.3561
2.3566
2.6607
2.7760
2.3954
2.4161
2.3563
2.4966
2.7704
2.4982
2.2417
2.3732
2.5182
2.5501
2.6542
2.1938
2.2489
2.5157
2.5733
2.4633
2.3836
2.1148
2.3876
2.6605
2.3917
2.3120
2.2020
2.2597
2.5265
2.5816
2.1213
2.2254
2.2573
2.4023
2.5338
2.2774
2.0052
2.2792
2.4195
2.3598
2.3805
2.0000
2.1154
2.4196
2.4202
2.1752
2.1781
1.9799
2.3016
2.4844
2.1707
2.0352
2.0938
2.1625
2.3708
2.3457
1.8783
2.0605
2.1805
2.2746
2.2697
2.0626
1.8118
2.2026
2.2921
2.1456
2.0981
1.8561
1.9959
2.3123
2.2211
1.8980
1.9943
1.8847
2.1946
2.2726
1.9430
1.7899
2.0188
2.0530
2.1862
2.0835
1.6794
1.9170
2.1109
2.1025
1.9952
1.8620
1.6665
2.1208
2.1327
1.9111
1.8291
1.7573
1.8796
2.1800
1.9840
1.6491
1.8340
1.8179
2.0497
2.0358
1.7184
1.5898
1.9571
1.9231
1.9696
1.8160
1.5289
1.7878
2.0310
1.8863
1.7280
1.6828
1.5655
2.0126
1.9442
1.6642
1.5933
1.6901
1.7565
2.0121
1.7260
1.4399
1.6955
1.7619
1.8588
1.7878
1.5078
1.4395
1.8866
1.7693
1.7242
1.5660
1.4213
1.6645
1.9235
1.6364
1.4829
1.5294
1.4955
1.8629
1.7343
1.4170
1.4033
1.6351
1.6191
1.8041
1.4693
1.2734
1.5739
1.6963
1.6246
1.5428
1.3213
1.3333
1.7877
1.5924
1.4593
1.3521
1.3439
1.5380
1.7757
1.3718
1.2692
1.4026
1.4370
1.6660
1.5131
1.1837
1.2619
1.5719
1.4625
1.5591
1.2362
1.1451
1.4617
1.6018
1.3600
1.3127
1.1665
1.2562
1.6472
1.3967
1.1898
1.1852
1.2795
1.3997
1.5822
1.1150
1.0902
1.2988
1.3678
1.4266
1.2914
0.9780
1.1611
1.4830
1.2852
1.2884
1.0437
1.0446
1.3491
1.4648
1.0846
1.1056
1.0462
1.1869
1.4612
1.1893
0.9333
1.0651
1.2105
1.2428
1.3473
0.8873
0.9428
1.2100
1.2680
1.1584
1.0791
0.8106
1.0839
1.3572
1.0887
1.0094
0.8998
0.9579
1.2251
1.2806
0.8206
0.9251
0.9575
1.1029
1.2348
0.9788
0.7070
0.9813
1.1220
1.0627
1.0838
0.7037
0.8195
1.1240
1.1250
0.8804
0.8837
0.6859
1.0079
1.1911
0.8778
0.7427
0.8017
0.8708
1.0795
1.0548
0.5877
0.7704
0.8907
0.9852
0.9808
0.7740
0.5236
0.9148
1.0046
0.8586
0.8115
0.5698
0.7101
1.0268
0.9359
0.6132
0.7100
0.6008
0.9110
0.9894
0.6602
0.5075
0.7367
0.7714
0.9049
0.8026
0.3989
0.6369
0.8312
0.8232
0.7163
0.5834
0.3883
0.8430
0.8552
0.6340
0.5525
0.4810
0.6037
0.9045
0.7088
0.3744
0.5597
0.5439
0.7761
0.7626
0.4456
0.3174
0.6850
0.6514
0.6983
0.5451
0.2583
0.5177
0.7612
0.6169
0.4590
0.4142
0.2972
0.7447
0.6767
0.3971
0.3265
0.4237
0.4905
0.7465
0.4608
0.1750
0.4310
0.4978
0.5951
0.5245
0.2449
0.1769
0.6244
0.5075
0.4627
0.3049
0.1606
0.4042
0.6636
0.3769
0.2237
0.2706
0.2371
0.6048
0.4767
0.1597
0.1464
0.3786
0.3629
0.5483
0.2139
0.0184
0.3193
0.4420
0.3707
0.2893
0.0682
0.0806
0.5353
0.3403
0.2077
0.1009
0.0930
0.2874
0.5255
0.1220
0.0198
0.1536
0.1884
0.4177
0.2652
-0.0638
0.0148
0.3252
0.2161
0.3131
-0.0094
-0.1001
0.2168
0.3573
0.1158
0.0689
-0.0769
0.0132
0.4046
0.1544
-0.0521
-0.0563
0.0383
0.1589
0.3418
-0.1250
-0.1495
0.0595
0.1288
0.1881
0.0532
-0.2598
-0.0763
0.2460
0.0485
0.0521
-0.1923
-0.1910
0.1138
0.2299
-0.1499
-0.1285
-0.1875
-0.0464
0.2282
-0.0433
-0.2990
-0.1668
-0.0210
0.0116
0.1165
-0.3431
-0.2873
-0.0197
0.0387
-0.0706
-0.1495
-0.4176
-0.1439
0.1297
-0.1384
-0.2173
-0.3266
-0.2681
-0.0006
0.0553
-0.4043
-0.2994
-0.2667
-0.1209
0.0114
-0.2443
-0.5157
-0.2410
-0.0999
-0.1589
-0.1374
-0.5172
-0.4010
-0.0961
-0.0947
-0.3390
-0.3354
-0.5327
-0.2104
-0.0268
-0.3397
-0.4744
-0.4151
-0.3457
-0.1366
-0.1609
-0.6276
-0.4446
-0.3239
-0.2291
-0.2332
-0.4396
-0.6896
-0.2981
-0.2078
-0.3535
-0.4002
-0.6415
-0.5009
-0.1838
-0.2743
-0.5967
-0.4996
-0.6084
-0.2978
-0.2190
-0.5479
-0.7002
-0.4707
-0.4357
-0.3017
-0.4037
-0.8070
-0.5687
-0.3740
-0.3817
-0.4882
-0.6207
-0.8154
-0.3604
-0.3478
-0.5687
-0.6498
-0.7209
-0.5979
-0.2967
-0.4920
-0.8261
-0.6405
-0.6559
-0.4234
-0.4365
-0.7531
-0.8810
-0.5130
-0.5462
-0.4990
-0.6518
-0.9382
-0.6785
-0.4346
-0.5786
-0.7361
-0.7806
-0.8972
-0.4494
-0.5170
-0.7963
-0.8665
-0.7689
-0.7017
-0.4454
-0.7308
-1.0162
-0.7598
-0.6926
-0.5951
-0.6652
-0.9445
-1.0121
-0.5642
-0.6808
-0.7252
-0.8827
-1.0267
-0.7827
-0.5230
-0.8093
-0.9621
-0.9149
-0.9480
-0.5799
-0.7078
-1.0243
-1.0374
-0.8047
-0.8201
-0.6343
-0.9683
-1.1636
-0.8623
-0.7392
-0.8102
-0.8912
-1.1120
-1.0992
-0.6441
-0.8387
-0.9711
-1.0775
-1.0851
-0.8902
-0.6518
-1.0550
-1.1568
-1.0227
-0.9875
-0.7578
-0.9100
-1.2387
-1.1597
-0.8490
-0.9577
-0.8604
-1.1825
-1.2729
-0.9555
-0.8148
-1.0559
-1.1024
-1.2479
-1.1575
-0.7657
-1.0155
-1.2217
-1.2256
-1.1305
-1.0096
-0.8264
-1.2929
-1.3170
-1.1076
-1.0379
-0.9784
-1.1128
-1.4255
-1.2417
-0.9191
-1.1162
-1.1123
-1.3563
-1.3546
-1.0494
-0.9330
-1.3125
-1.2907
-1.3494
-1.2080
-0.9330
-1.2041
-1.4595
-1.3269
-1.1808
-1.1478
-1.0426
-1.5019
-1.4457
-1.1778
-1.1190
-1.2280
-1.3065
-1.5743
-1.3003
-1.0263
-1.2940
-1.3726
-1.4815
-1.4227
-1.1548
-1.0986
-1.5578
-1.4526
-1.4195
-1.2734
-1.1408
-1.3961
-1.6672
-1.3922
-1.2507
-1.3093
-1.2875
-1.6669
-1.5504
-1.2452
-1.2435
-1.4874
-1.4834
-1.6804
-1.3577
-1.1738
-1.4864
-1.6208
-1.5611
-1.4913
-1.2818
-1.3058
-1.7722
-1.5889
-1.4678
-1.3726
-1.3764
-1.5825
-1.8322
-1.4402
-1.3497
-1.4950
-1.5414
-1.7824
-1.6414
-1.3239
-1.4141
-1.7361
-1.6387
-1.7472
-1.4362
-1.3571
-1.6856
-1.8376
-1.6077
-1.5724
-1.4381
-1.5397
-1.9427
-1.7040
-1.5090
-1.5163
-1.6226
-1.7547
-1.9491
-1.4937
-1.4808
-1.7013
-1.7821
-1.8529
-1.7295
-1.4280
-1.6230
-1.9567
-1.7708
-1.7858
-1.5529
-1.5657
-1.8820
-2.0096
-1.6412
-1.6741
-1.6265
-1.7790
-2.0651
-1.8051
-1.5608
-1.7045
-1.8617
-1.9058
-2.0220
-1.5739
-1.6411
-1.9201
-1.9900
-1.8921
-1.8246
-1.5679
-1.8529
-2.1380
-1.8813
-1.8138
-1.7159
-1.7857
-2.0647
-2.1319
-1.6837
-1.8000
-1.8440
-2.0012
-2.1448
-1.9005
-1.6404
-1.9265
-2.0789
-2.0313
-2.0641
-1.6957
-1.8232
-2.1394
-2.1521
-1.9192
-1.9342
-1.7481
-2.0818
-2.2767
-1.9750
-1.8516
-1.9223
-2.0030
-2.2234
-2.2103
-1.7549
-1.9492
-2.0812
-2.1873
-2.1945
-1.9993
-1.7606
-2.1634
-2.2649
-2.1305
-2.0950
-1.8649
-2.0168
-2.3451
-2.2659
-1.9547
-2.0631
-1.9655
-2.2873
-2.3773
-2.0597
-1.9186
-2.1593
-2.2055
-2.3507
-2.2599
-1.8678
-2.1173
-2.3232
-2.3267
-2.2313
-2.1101
-1.9265
-2.3927
-2.4165
-2.2068
-2.1368
-2.0769
-2.2110
-2.5234
-2.3392
-2.0163
-2.2130
-2.2088
-2.4525
-2.4505
-2.1450
-2.0282
-2.4074
-2.3853
-2.4436
-2.3019
-2.0266
-2.2974
-2.5524
-2.4195
-2.2731
-2.2397
-2.1342
-2.5931
-2.5366
-2.2684
-2.2093
-2.3179
-2.3962
-2.6636
-2.3893
-2.1149
-2.3823
-2.4606
-2.5692
-2.5101
-2.2418
-2.1853
-2.6442
-2.5386
-2.5053
-2.3588
-2.2259
-2.4809
-2.7516
-2.4763
-2.3345
-2.3928
-2.3706
-2.7497
-2.6329
-2.3273
-2.3253
-2.5689
-2.5646
-2.7613
-2.4382
-2.2540
-2.5662
-2.7003
-2.6403
-2.5702
-2.3604
-2.3841
-2.8502
-2.6665
-2.5451
-2.4496
-2.4530
-2.6588
-2.9081
-2.5159
-2.4250
-2.5700
-2.6161
-2.8567
-2.7155
-2.3977
-2.4875
-2.8092
-2.7114
-2.8196
-2.5084
-2.4289
-2.7571
-2.9088
-2.6786
-2.6429
-2.5083
-2.6096
-3.0122
-2.7733
-2.5779
-2.5849
-2.6908
-2.8226
-3.0167
-2.5611
-2.5478
-2.7680
-2.8485
-2.9189
-2.7952
-2.4934
-2.6881
-3.0215
-2.8352
-2.8499
-2.6167
-2.6292
-2.9452
-3.0724
-2.7037
-2.7363
-2.6884
-2.8406
-3.1264
-2.8660
-2.6214
-2.7648
-2.9216
-2.9654
-3.0814
-2.6329
-2.6998
-2.9785
-3.0480
-2.9498
-2.8820
-2.6250
-2.9097
-3.1945
-2.9375
-2.8696
-2.7714
-2.8409
-3.1196
-3.1865
-2.7380
-2.8539
-2.8977
-3.0545
-3.1978
-2.9532
-2.6928
-2.9785
-3.1307
-3.0827
-3.1152
-2.7465
-2.8737
-3.1896
-3.2020
-2.9687
-2.9834
-2.7970
-3.1304
-3.3249
-3.0230
-2.8993
-2.9696
-3.0500
-3.2701
-3.2567
-2.8010
-2.9949
-3.1266
-3.2324
-3.2393
-3.0438
-2.8048
-3.2073
-3.3085
-3.1737
-3.1379
-2.9076
-3.0591
-3.3871
-3.3076
-2.9961
-3.1042
-3.0062
-3.3278
-3.4175
-3.0995
-2.9581
-3.1985
-3.2444
-3.3893
-3.2982
-2.9058
-3.1550
-3.3605
-3.3637
-3.2681
-3.1465
-2.9626
-3.4285
-3.4519
-3.2419
-3.1716
-3.1114
-3.2452
-3.5573
-3.3728
-3.0496
-3.2460
-3.2415
-3.4848
-3.4826
-3.1767
-3.0597
-3.4385
-3.4161
-3.4741
-3.3321
-3.0565
-3.3270
-3.5817
-3.4485
-3.3017
-3.2681
-3.1623
-3.6209
-3.5640
-3.2955
-3.2361
-3.3444
-3.4223
-3.6895
-3.4148
-3.1402
-3.4073
-3.4852
-3.5935
-3.5341
-3.2656
-3.2087
-3.6673
-3.5614
-3.5278
-3.3810
-3.2478
-3.5024
-3.7729
-3.4972
-3.3551
-3.4131
-3.3907
-3.7695
-3.6523
-3.3464
-3.3441
-3.5874
-3.5828
-3.7792
-3.4558
-3.2713
-3.5832
-3.7170
-3.6567
-3.5863
-3.3762
-3.3996
-3.8653
-3.6814
-3.5597
-3.4639
-3.4670
-3.6724
-3.9215
-3.5290
-3.4377
-3.5825
-3.6282
-3.8686
-3.7270
-3.4089
-3.4985
-3.8198
-3.7217
-3.8296
-3.5181
-3.4383
-3.7662
-3.9176
-3.6870
-3.6511
-3.5162
-3.6172
-4.0195
-3.7803
-3.5846
-3.5913
-3.6969
-3.8284
-4.0222
-3.5662
-3.5526
-3.7725
-3.8527
-3.9229
-3.7989
-3.4968
-3.6911
-4.0242
-3.8377
-3.8521
-3.6186
-3.6307
-3.9464
-4.0733
-3.7044
-3.7366
-3.6884
-3.8404
-4.1258
-3.8652
-3.6203
-3.7633
-3.9199
-3.9634
-4.0790
-3.6302
-3.6969
-3.9752
-4.0445
-3.9460
-3.8779
-3.6206
-3.9050
-4.1894
-3.9321
-3.8640
-3.7655
-3.8347
-4.1130
-4.1797
-3.7309
-3.8465
-3.8899
-4.0465
-4.1895
-3.9446
-3.6839
-3.9693
-4.1212
-4.0729
-4.1051
-3.7361
-3.8630
-4.1786
-4.1907
-3.9571
-3.9715
-3.7848
-4.1179
-4.3122
-4.0099
-3.8859
-3.9559
-4.0361
-4.2559
-4.2422
-3.7861
-3.9798
-4.1112
-4.2167
-4.2233
-4.0275
-3.7881
-4.1904
-4.2913
-4.1562
-4.1201
-3.8895
-4.0407
-4.3685
-4.2886
-3.9769
-4.0846
-3.9864
-4.3076
-4.3970
-4.0788
-3.9370
-4.1772
-4.2228
-4.3674
-4.2760
-3.8833
-4.1322
-4.3374
-4.3404
-4.2444
-4.1225
-3.9383
-4.4039
-4.4271
-4.2168
-4.1462
-4.0857
-4.2192
-4.5310
-4.3462
-4.0227
-4.2188
-4.2140
-4.4571
-4.4545
-4.1484
-4.0310
-4.4096
-4.3869
-4.4446
-4.3023
-4.0264
-4.2966
-4.5510
-4.4175
-4.2705
-4.2365
-4.1304
-4.5887
-4.5316
-4.2628
-4.2031
-4.3111
-4.3888
-4.6556
-4.3807
-4.1057
-4.3726
-4.4502
-4.5582
-4.4985
-4.2297
-4.1725
-4.6308
-4.5247
-4.4907
-4.3437
-4.2102
-4.4645
-4.7347
-4.4588
-4.3164
-4.3741
-4.3513
-4.7298
-4.6124
-4.3062
-4.3036
-4.5466
-4.5417
-4.7378
-4.4142
-4.2293
-4.5410
-4.6745
-4.6139
-4.5432
-4.3328
-4.3559
-4.8214
-4.6371
-4.5151
-4.4190
-4.4219
-4.6270
-4.8758
-4.4830
-4.3915
-4.5359
-4.5814
-4.8215
-4.6796
-4.3612
-4.4505
-4.7716
-4.6732
-4.7808
-4.4690
-4.3889
-4.7165
-4.8676
-4.6368
-4.6006
-4.4654
-4.5661
-4.9681
-4.7286
-4.5326
-4.5391
-4.6444
-4.7756
-4.9691
-4.5128
-4.4990
-4.7186
-4.7985
-4.8684
-4.7441
-4.4417
-4.6357
-4.9686
-4.7817
-4.7959
-4.5621
-4.5740
-4.8894
-5.0160
-4.6468
-4.6787
-4.6303
-4.7819
-5.0671
-4.8061
-4.5610
-4.7037
-4.8600
-4.9032
-5.0186
-4.5695
-4.6359
-4.9140
-4.9829
-4.8841
-4.8157
-4.5581
-4.8423
-5.1264
-4.8689
-4.8004
-4.7016
-4.7706
-5.0486
-5.1150
-4.6659
-4.7813
-4.8244
-4.9807
-5.1234
-4.8782
-4.6173
-4.9024
-5.0540
-5.0055
-5.0374
-4.6681
-4.7947
-5.1100
-5.1218
-4.8880
-4.9021
-4.7151
-5.0479
-5.2419
-4.9394
-4.8151
-4.8848
-4.9647
-5.1842
-5.1703
-4.7139
-4.9073
-5.0384
-5.1437
-5.1500
-4.9539
-4.7143
-5.1162
-5.2168
-5.0815
-5.0451
-4.8142
-4.9652
-5.2926
-5.2125
-4.9005
-5.0080
-4.9094
-5.2304
-5.3195
-5.0010
-4.8590
-5.0989
-5.1442
-5.2885
-5.1968
-4.8039
-5.0525
-5.2575
-5.2601
-5.1639
-5.0417
-4.8573
-5.3226
-5.3455
-5.1349
-5.0640
-5.0032
-5.1365
-5.4480
-5.2629
-4.9391
-5.1350
-5.1299
-5.3727
-5.3699
-5.0635
-4.9458
-5.3241
-5.3011
-5.3586
-5.2160
-4.9398
-5.2097
-5.4639
-5.3301
-5.1828
-5.1486
-5.0422
-5.5003
-5.4429
-5.1738
-5.1138
-5.2215
-5.2989
-5.5655
-5.2903
-5.0151
-5.2816
-5.3590
-5.4667
-5.4067
-5.1376
-5.0802
-5.5382
-5.4318
-5.3976
-5.2503
-5.1165
-5.3706
-5.6405
-5.3643
-5.2216
-5.2790
-5.2560
-5.6342
-5.5166
-5.2101
-5.2072
-5.4499
-5.4448
-5.6406
-5.3167
-5.1316
-5.4430
-5.5762
-5.5153
-5.4444
-5.2337
-5.2565
-5.7217
-5.5372
-5.4150
-5.3186
-5.3212
-5.5260
-5.7746
-5.3815
-5.2897
-5.4339
-5.4791
-5.7189
-5.5767
-5.2581
-5.3471
-5.6679
-5.5693
-5.6766
-5.3645
-5.2842
-5.6115
-5.7623
-5.5312
-5.4947
-5.3593
-5.4597
-5.8615
-5.6217
-5.4255
-5.4316
-5.5367
-5.6676
-5.8609
-5.4043
-5.3902
-5.6096
-5.6892
-5.7588
-5.6343
-5.3316
-5.5254
-5.8580
-5.6708
-5.6847
-5.4507
-5.4622
-5.7774
-5.9038
-5.5343
-5.5660
-5.5172
-5.6686
-5.9535
-5.6923
-5.4469
-5.5894
-5.7454
-5.7883
-5.9034
-5.4541
-5.5202
-5.7980
-5.8667
-5.7676
-5.6990
-5.4411
-5.7250
-6.0089
-5.7510
-5.6824
-5.5833
-5.6520
-5.9298
-5.9959
-5.5465
-5.6616
-5.7045
-5.8605
-6.0030
-5.7575
-5.4963
-5.7811
-5.9325
-5.8837
-5.9153
-5.5458
-5.6721
-5.9872
-5.9987
-5.7646
-5.7785
-5.5913
-5.9238
-6.1175
-5.8147
-5.6902
-5.7596
-5.8392
-6.0585
-6.0443
-5.5877
-5.7808
-5.9117
-6.0166
-6.0227
-5.8264
-5.5865
-5.9881
-6.0885
-5.9529
-5.9163
-5.6851
-5.8358
-6.1630
-6.0826
-5.7703
-5.8775
-5.7788
-6.0995
-6.1883
-5.8695
-5.7273
-5.9669
-6.0120
-6.1560
-6.0641
-5.6708
-5.9192
-6.1239
-6.1263
-6.0298
-5.9074
-5.7227
-6.1877
-6.2104
-5.9995
-5.9284
-5.8673
-6.0004
-6.3116
-6.1263
-5.8022
-5.9978
-5.9925
-6.2350
-6.2319
-5.9252
-5.8073
-6.1853
-6.1621
-6.2193
-6.0765
-5.8000
-6.0697
-6.3236
-6.1896
-6.0420
-6.0075
-5.9009
-6.3587
-6.3010
-6.0317
-5.9714
-6.0789
-6.1561
-6.4224
-6.1469
-5.8714
-6.1377
-6.2148
-6.3223
-6.2621
-5.9927
-5.9351
-6.3928
-6.2862
-6.2517
-6.1041
-5.9700
-6.2239
-6.4935
-6.2171
-6.0741
-6.1313
-6.1080
-6.4860
-6.3681
-6.0614
-6.0582
-6.3007
-6.2952
-6.4908
-6.1667
-5.9813
-6.2925
-6.4254
-6.3643
-6.2931
-6.0822
-6.1047
-6.5697
-6.3849
-6.2624
-6.1658
-6.1681
-6.3727
-6.6210
-6.2276
-6.1356
-6.2795
-6.3245
-6.5640
-6.4216
-6.1027
-6.1915
-6.5120
-6.4131
-6.5202
-6.2078
-6.1273
-6.4544
-6.6049
-6.3736
-6.3368
-6.2011
-6.3013
-6.7029
-6.4628
-6.2663
-6.2722
-6.3770
-6.5077
-6.7007
-6.2439
-6.2295
-6.4486
-6.5280
-6.5974
-6.4726
-6.1696
-6.3632
-6.6955
-6.5081
-6.5218
-6.2875
-6.2988
-6.6137
-6.7398
-6.3701
-6.4015
-6.3525
-6.5036
-6.7883
-6.5268
-6.2812
-6.4234
-6.5792
-6.6219
-6.7367
-6.2872
-6.3530
-6.6306
-6.6990
-6.5997
-6.5308
-6.2727
-6.5563
-6.8400
-6.5819
-6.5129
-6.4136
-6.4821
-6.7596
-6.8254
-6.3758
-6.4907
-6.5333
-6.6891
-6.8313
-6.5856
-6.3241
-6.6087
-6.7598
-6.7108
-6.7422
-6.3724
-6.4984
-6.8133
-6.8246
-6.5902
-6.6038
-6.4164
-6.7486
-6.9421
-6.6391
-6.5143
-6.5835
-6.6628
-6.8819
-6.8674
-6.4106
-6.6034
-6.7341
-6.8388
-6.8446
-6.6480
-6.4079
-6.8093
-6.9094
-6.7736
-6.7367
-6.5052
-6.6557
-6.9827
-6.9020
-6.5895
-6.6965
-6.5974
-6.9179
-7.0065
-6.6875
-6.5450
-6.7844
-6.8292
-6.9730
-6.8808
-6.4873
-6.7354
-6.9399
-6.9421
-6.8453
-6.7226
-6.5377
-7.0025
-7.0249
-6.8138
-6.7424
-6.6811
-6.8139
-7.1249
-6.9393
-6.6150
-6.8104
-6.8048
-7.0471
-7.0437
-6.7368
-6.6187
-6.9965
-6.9730
-7.0300
-6.8868
-6.6102
-6.8796
-7.1332
-6.9990
-6.8512
-6.8165
-6.7096
-7.1671
-7.1092
-6.8396
-6.7792
-6.8864
-6.9633
-7.2293
